"Stazione","ParamNome","ParamUdm","Data","Ora","Media","ValiditÃ "
"Potenza_Viale_Firenze","CO","mg/m³","01/01/2022","01","0.88","1"
"Potenza_Viale_Firenze","CO","mg/m³","01/01/2022","02","1.02","1"
"Potenza_Viale_Firenze","CO","mg/m³","01/01/2022","03","0.64","1"
"Potenza_Viale_Firenze","CO","mg/m³","01/01/2022","04","0.49","1"
"Potenza_Viale_Firenze","CO","mg/m³","01/01/2022","05","0.42","1"
"Potenza_Viale_Firenze","CO","mg/m³","01/01/2022","06","0.42","1"
"Potenza_Viale_Firenze","CO","mg/m³","01/01/2022","07","0.40","1"
"Potenza_Viale_Firenze","CO","mg/m³","01/01/2022","08","0.57","1"
"Potenza_Viale_Firenze","CO","mg/m³","01/01/2022","09","0.55","1"
"Potenza_Viale_Firenze","CO","mg/m³","01/01/2022","10","0.48","1"
"Potenza_Viale_Firenze","CO","mg/m³","01/01/2022","11","0.40","1"
"Potenza_Viale_Firenze","CO","mg/m³","01/01/2022","12","0.46","1"
"Potenza_Viale_Firenze","CO","mg/m³","01/01/2022","13","0.51","1"
"Potenza_Viale_Firenze","CO","mg/m³","01/01/2022","14","0.39","1"
"Potenza_Viale_Firenze","CO","mg/m³","01/01/2022","15","0.41","1"
"Potenza_Viale_Firenze","CO","mg/m³","01/01/2022","16","0.41","1"
"Potenza_Viale_Firenze","CO","mg/m³","01/01/2022","17","0.80","-1"
"Potenza_Viale_Firenze","CO","mg/m³","01/01/2022","18","1.01","1"
"Potenza_Viale_Firenze","CO","mg/m³","01/01/2022","19","1.20","1"
"Potenza_Viale_Firenze","CO","mg/m³","01/01/2022","20","1.33","1"
"Potenza_Viale_Firenze","CO","mg/m³","01/01/2022","21","1.38","1"
"Potenza_Viale_Firenze","CO","mg/m³","01/01/2022","22","1.23","1"
"Potenza_Viale_Firenze","CO","mg/m³","01/01/2022","23","1.00","1"
"Potenza_Viale_Firenze","CO","mg/m³","01/01/2022","24","0.93","1"
"Potenza_Viale_Firenze","CO","mg/m³","02/01/2022","01","0.81","1"
"Potenza_Viale_Firenze","CO","mg/m³","02/01/2022","02","0.59","1"
"Potenza_Viale_Firenze","CO","mg/m³","02/01/2022","03","0.56","1"
"Potenza_Viale_Firenze","CO","mg/m³","02/01/2022","04","0.44","1"
"Potenza_Viale_Firenze","CO","mg/m³","02/01/2022","05","0.46","1"
"Potenza_Viale_Firenze","CO","mg/m³","02/01/2022","06","0.34","1"
"Potenza_Viale_Firenze","CO","mg/m³","02/01/2022","07","0.41","1"
"Potenza_Viale_Firenze","CO","mg/m³","02/01/2022","08","0.59","1"
"Potenza_Viale_Firenze","CO","mg/m³","02/01/2022","09","0.89","1"
"Potenza_Viale_Firenze","CO","mg/m³","02/01/2022","10","2.00","1"
"Potenza_Viale_Firenze","CO","mg/m³","02/01/2022","11","0.47","1"
"Potenza_Viale_Firenze","CO","mg/m³","02/01/2022","12","0.57","1"
"Potenza_Viale_Firenze","CO","mg/m³","02/01/2022","13","0.53","1"
"Potenza_Viale_Firenze","CO","mg/m³","02/01/2022","14","0.55","1"
"Potenza_Viale_Firenze","CO","mg/m³","02/01/2022","15","0.50","1"
"Potenza_Viale_Firenze","CO","mg/m³","02/01/2022","16","0.57","-1"
"Potenza_Viale_Firenze","CO","mg/m³","02/01/2022","17","0.61","1"
"Potenza_Viale_Firenze","CO","mg/m³","02/01/2022","18","0.66","1"
"Potenza_Viale_Firenze","CO","mg/m³","02/01/2022","19","0.65","1"
"Potenza_Viale_Firenze","CO","mg/m³","02/01/2022","20","0.63","1"
"Potenza_Viale_Firenze","CO","mg/m³","02/01/2022","21","0.66","1"
"Potenza_Viale_Firenze","CO","mg/m³","02/01/2022","22","0.50","1"
"Potenza_Viale_Firenze","CO","mg/m³","02/01/2022","23","0.47","1"
"Potenza_Viale_Firenze","CO","mg/m³","02/01/2022","24","0.57","1"
"Potenza_Viale_Firenze","CO","mg/m³","03/01/2022","01","0.41","1"
"Potenza_Viale_Firenze","CO","mg/m³","03/01/2022","02","0.37","1"
"Potenza_Viale_Firenze","CO","mg/m³","03/01/2022","03","0.37","1"
"Potenza_Viale_Firenze","CO","mg/m³","03/01/2022","04","0.34","1"
"Potenza_Viale_Firenze","CO","mg/m³","03/01/2022","05","0.34","1"
"Potenza_Viale_Firenze","CO","mg/m³","03/01/2022","06","0.39","1"
"Potenza_Viale_Firenze","CO","mg/m³","03/01/2022","07","0.44","1"
"Potenza_Viale_Firenze","CO","mg/m³","03/01/2022","08","0.46","1"
"Potenza_Viale_Firenze","CO","mg/m³","03/01/2022","09","0.48","1"
"Potenza_Viale_Firenze","CO","mg/m³","03/01/2022","10","0.60","1"
"Potenza_Viale_Firenze","CO","mg/m³","03/01/2022","11","0.46","1"
"Potenza_Viale_Firenze","CO","mg/m³","03/01/2022","12","0.50","-1"
"Potenza_Viale_Firenze","CO","mg/m³","03/01/2022","13","0.42","1"
"Potenza_Viale_Firenze","CO","mg/m³","03/01/2022","14","0.45","1"
"Potenza_Viale_Firenze","CO","mg/m³","03/01/2022","15","0.39","-1"
"Potenza_Viale_Firenze","CO","mg/m³","03/01/2022","16","0.42","1"
"Potenza_Viale_Firenze","CO","mg/m³","03/01/2022","17","0.52","1"
"Potenza_Viale_Firenze","CO","mg/m³","03/01/2022","18","0.55","1"
"Potenza_Viale_Firenze","CO","mg/m³","03/01/2022","19","0.50","1"
"Potenza_Viale_Firenze","CO","mg/m³","03/01/2022","20","0.60","1"
"Potenza_Viale_Firenze","CO","mg/m³","03/01/2022","21","0.57","1"
"Potenza_Viale_Firenze","CO","mg/m³","03/01/2022","22","0.45","1"
"Potenza_Viale_Firenze","CO","mg/m³","03/01/2022","23","0.35","1"
"Potenza_Viale_Firenze","CO","mg/m³","03/01/2022","24","0.33","1"
"Potenza_Viale_Firenze","CO","mg/m³","04/01/2022","01","0.30","1"
"Potenza_Viale_Firenze","CO","mg/m³","04/01/2022","02","0.30","1"
"Potenza_Viale_Firenze","CO","mg/m³","04/01/2022","03","0.29","1"
"Potenza_Viale_Firenze","CO","mg/m³","04/01/2022","04","0.28","1"
"Potenza_Viale_Firenze","CO","mg/m³","04/01/2022","05","0.27","1"
"Potenza_Viale_Firenze","CO","mg/m³","04/01/2022","06","0.31","1"
"Potenza_Viale_Firenze","CO","mg/m³","04/01/2022","07","0.35","1"
"Potenza_Viale_Firenze","CO","mg/m³","04/01/2022","08","0.44","1"
"Potenza_Viale_Firenze","CO","mg/m³","04/01/2022","09","0.43","1"
"Potenza_Viale_Firenze","CO","mg/m³","04/01/2022","10","0.52","1"
"Potenza_Viale_Firenze","CO","mg/m³","04/01/2022","11","0.46","1"
"Potenza_Viale_Firenze","CO","mg/m³","04/01/2022","12","0.45","1"
"Potenza_Viale_Firenze","CO","mg/m³","04/01/2022","13","0.44","1"
"Potenza_Viale_Firenze","CO","mg/m³","04/01/2022","14","0.43","-1"
"Potenza_Viale_Firenze","CO","mg/m³","04/01/2022","15","0.38","1"
"Potenza_Viale_Firenze","CO","mg/m³","04/01/2022","16","0.40","1"
"Potenza_Viale_Firenze","CO","mg/m³","04/01/2022","17","0.49","1"
"Potenza_Viale_Firenze","CO","mg/m³","04/01/2022","18","0.48","1"
"Potenza_Viale_Firenze","CO","mg/m³","04/01/2022","19","0.51","1"
"Potenza_Viale_Firenze","CO","mg/m³","04/01/2022","20","0.48","1"
"Potenza_Viale_Firenze","CO","mg/m³","04/01/2022","21","0.42","1"
"Potenza_Viale_Firenze","CO","mg/m³","04/01/2022","22","0.41","1"
"Potenza_Viale_Firenze","CO","mg/m³","04/01/2022","23","0.33","1"
"Potenza_Viale_Firenze","CO","mg/m³","04/01/2022","24","0.31","1"
"Potenza_Viale_Firenze","CO","mg/m³","05/01/2022","01","0.31","1"
"Potenza_Viale_Firenze","CO","mg/m³","05/01/2022","02","0.29","1"
"Potenza_Viale_Firenze","CO","mg/m³","05/01/2022","03","0.29","1"
"Potenza_Viale_Firenze","CO","mg/m³","05/01/2022","04","0.29","1"
"Potenza_Viale_Firenze","CO","mg/m³","05/01/2022","05","0.29","1"
"Potenza_Viale_Firenze","CO","mg/m³","05/01/2022","06","0.37","1"
"Potenza_Viale_Firenze","CO","mg/m³","05/01/2022","07","0.50","1"
"Potenza_Viale_Firenze","CO","mg/m³","05/01/2022","08","0.70","1"
"Potenza_Viale_Firenze","CO","mg/m³","05/01/2022","09","0.98","1"
"Potenza_Viale_Firenze","CO","mg/m³","05/01/2022","10","1.11","1"
"Potenza_Viale_Firenze","CO","mg/m³","05/01/2022","11","0.53","1"
"Potenza_Viale_Firenze","CO","mg/m³","05/01/2022","12","0.52","1"
"Potenza_Viale_Firenze","CO","mg/m³","05/01/2022","13","0.50","-1"
"Potenza_Viale_Firenze","CO","mg/m³","05/01/2022","14","0.52","1"
"Potenza_Viale_Firenze","CO","mg/m³","05/01/2022","15","0.47","1"
"Potenza_Viale_Firenze","CO","mg/m³","05/01/2022","16","0.49","1"
"Potenza_Viale_Firenze","CO","mg/m³","05/01/2022","17","0.63","1"
"Potenza_Viale_Firenze","CO","mg/m³","05/01/2022","18","0.77","1"
"Potenza_Viale_Firenze","CO","mg/m³","05/01/2022","19","1.11","1"
"Potenza_Viale_Firenze","CO","mg/m³","05/01/2022","20","0.66","1"
"Potenza_Viale_Firenze","CO","mg/m³","05/01/2022","21","0.54","1"
"Potenza_Viale_Firenze","CO","mg/m³","05/01/2022","22","0.38","1"
"Potenza_Viale_Firenze","CO","mg/m³","05/01/2022","23","0.34","1"
"Potenza_Viale_Firenze","CO","mg/m³","05/01/2022","24","0.34","1"
"Potenza_Viale_Firenze","CO","mg/m³","06/01/2022","01","0.32","1"
"Potenza_Viale_Firenze","CO","mg/m³","06/01/2022","02","0.31","1"
"Potenza_Viale_Firenze","CO","mg/m³","06/01/2022","03","0.33","1"
"Potenza_Viale_Firenze","CO","mg/m³","06/01/2022","04","0.31","1"
"Potenza_Viale_Firenze","CO","mg/m³","06/01/2022","05","0.31","1"
"Potenza_Viale_Firenze","CO","mg/m³","06/01/2022","06","0.32","1"
"Potenza_Viale_Firenze","CO","mg/m³","06/01/2022","07","0.35","1"
"Potenza_Viale_Firenze","CO","mg/m³","06/01/2022","08","0.45","1"
"Potenza_Viale_Firenze","CO","mg/m³","06/01/2022","09","0.53","1"
"Potenza_Viale_Firenze","CO","mg/m³","06/01/2022","10","0.44","1"
"Potenza_Viale_Firenze","CO","mg/m³","06/01/2022","11","0.48","1"
"Potenza_Viale_Firenze","CO","mg/m³","06/01/2022","12","0.51","-1"
"Potenza_Viale_Firenze","CO","mg/m³","06/01/2022","13","0.55","1"
"Potenza_Viale_Firenze","CO","mg/m³","06/01/2022","14","0.47","1"
"Potenza_Viale_Firenze","CO","mg/m³","06/01/2022","15","0.44","1"
"Potenza_Viale_Firenze","CO","mg/m³","06/01/2022","16","0.43","1"
"Potenza_Viale_Firenze","CO","mg/m³","06/01/2022","17","0.48","1"
"Potenza_Viale_Firenze","CO","mg/m³","06/01/2022","18","0.73","1"
"Potenza_Viale_Firenze","CO","mg/m³","06/01/2022","19","1.02","1"
"Potenza_Viale_Firenze","CO","mg/m³","06/01/2022","20","0.92","1"
"Potenza_Viale_Firenze","CO","mg/m³","06/01/2022","21","0.95","1"
"Potenza_Viale_Firenze","CO","mg/m³","06/01/2022","22","0.65","1"
"Potenza_Viale_Firenze","CO","mg/m³","06/01/2022","23","0.54","1"
"Potenza_Viale_Firenze","CO","mg/m³","06/01/2022","24","0.72","1"
"Potenza_Viale_Firenze","CO","mg/m³","07/01/2022","01","0.63","1"
"Potenza_Viale_Firenze","CO","mg/m³","07/01/2022","02","0.55","1"
"Potenza_Viale_Firenze","CO","mg/m³","07/01/2022","03","0.35","1"
"Potenza_Viale_Firenze","CO","mg/m³","07/01/2022","04","0.32","1"
"Potenza_Viale_Firenze","CO","mg/m³","07/01/2022","05","0.33","1"
"Potenza_Viale_Firenze","CO","mg/m³","07/01/2022","06","0.32","1"
"Potenza_Viale_Firenze","CO","mg/m³","07/01/2022","07","0.40","1"
"Potenza_Viale_Firenze","CO","mg/m³","07/01/2022","08","0.54","1"
"Potenza_Viale_Firenze","CO","mg/m³","07/01/2022","09","0.56","1"
"Potenza_Viale_Firenze","CO","mg/m³","07/01/2022","10","0.64","1"
"Potenza_Viale_Firenze","CO","mg/m³","07/01/2022","11","0.61","-1"
"Potenza_Viale_Firenze","CO","mg/m³","07/01/2022","12","0.64","1"
"Potenza_Viale_Firenze","CO","mg/m³","07/01/2022","13","0.65","1"
"Potenza_Viale_Firenze","CO","mg/m³","07/01/2022","14","0.59","1"
"Potenza_Viale_Firenze","CO","mg/m³","07/01/2022","15","0.56","1"
"Potenza_Viale_Firenze","CO","mg/m³","07/01/2022","16","0.56","1"
"Potenza_Viale_Firenze","CO","mg/m³","07/01/2022","17","0.55","1"
"Potenza_Viale_Firenze","CO","mg/m³","07/01/2022","18","0.64","1"
"Potenza_Viale_Firenze","CO","mg/m³","07/01/2022","19","0.65","1"
"Potenza_Viale_Firenze","CO","mg/m³","07/01/2022","20","0.52","1"
"Potenza_Viale_Firenze","CO","mg/m³","07/01/2022","21","0.54","1"
"Potenza_Viale_Firenze","CO","mg/m³","07/01/2022","22","0.48","1"
"Potenza_Viale_Firenze","CO","mg/m³","07/01/2022","23","0.43","1"
"Potenza_Viale_Firenze","CO","mg/m³","07/01/2022","24","0.42","1"
"Potenza_Viale_Firenze","CO","mg/m³","08/01/2022","01","0.38","1"
"Potenza_Viale_Firenze","CO","mg/m³","08/01/2022","02","0.37","1"
"Potenza_Viale_Firenze","CO","mg/m³","08/01/2022","03","0.36","1"
"Potenza_Viale_Firenze","CO","mg/m³","08/01/2022","04","0.34","1"
"Potenza_Viale_Firenze","CO","mg/m³","08/01/2022","05","0.34","1"
"Potenza_Viale_Firenze","CO","mg/m³","08/01/2022","06","0.36","1"
"Potenza_Viale_Firenze","CO","mg/m³","08/01/2022","07","0.40","1"
"Potenza_Viale_Firenze","CO","mg/m³","08/01/2022","08","0.50","1"
"Potenza_Viale_Firenze","CO","mg/m³","08/01/2022","09","0.46","1"
"Potenza_Viale_Firenze","CO","mg/m³","08/01/2022","10","0.63","-1"
"Potenza_Viale_Firenze","CO","mg/m³","08/01/2022","11","0.53","1"
"Potenza_Viale_Firenze","CO","mg/m³","08/01/2022","12","0.66","1"
"Potenza_Viale_Firenze","CO","mg/m³","08/01/2022","13","0.66","1"
"Potenza_Viale_Firenze","CO","mg/m³","08/01/2022","14","0.60","1"
"Potenza_Viale_Firenze","CO","mg/m³","08/01/2022","15","0.53","1"
"Potenza_Viale_Firenze","CO","mg/m³","08/01/2022","16","0.45","1"
"Potenza_Viale_Firenze","CO","mg/m³","08/01/2022","17","0.57","1"
"Potenza_Viale_Firenze","CO","mg/m³","08/01/2022","18","0.61","1"
"Potenza_Viale_Firenze","CO","mg/m³","08/01/2022","19","0.68","1"
"Potenza_Viale_Firenze","CO","mg/m³","08/01/2022","20","0.65","1"
"Potenza_Viale_Firenze","CO","mg/m³","08/01/2022","21","0.65","1"
"Potenza_Viale_Firenze","CO","mg/m³","08/01/2022","22","0.52","1"
"Potenza_Viale_Firenze","CO","mg/m³","08/01/2022","23","0.50","1"
"Potenza_Viale_Firenze","CO","mg/m³","08/01/2022","24","0.50","1"
"Potenza_Viale_Firenze","CO","mg/m³","09/01/2022","01","0.43","1"
"Potenza_Viale_Firenze","CO","mg/m³","09/01/2022","02","0.42","1"
"Potenza_Viale_Firenze","CO","mg/m³","09/01/2022","03","0.40","1"
"Potenza_Viale_Firenze","CO","mg/m³","09/01/2022","04","0.40","1"
"Potenza_Viale_Firenze","CO","mg/m³","09/01/2022","05","0.42","1"
"Potenza_Viale_Firenze","CO","mg/m³","09/01/2022","06","0.43","1"
"Potenza_Viale_Firenze","CO","mg/m³","09/01/2022","07","0.45","1"
"Potenza_Viale_Firenze","CO","mg/m³","09/01/2022","08","0.48","1"
"Potenza_Viale_Firenze","CO","mg/m³","09/01/2022","09","0.58","-1"
"Potenza_Viale_Firenze","CO","mg/m³","09/01/2022","10","0.51","1"
"Potenza_Viale_Firenze","CO","mg/m³","09/01/2022","11","0.45","1"
"Potenza_Viale_Firenze","CO","mg/m³","09/01/2022","12","0.48","1"
"Potenza_Viale_Firenze","CO","mg/m³","09/01/2022","13","0.55","1"
"Potenza_Viale_Firenze","CO","mg/m³","09/01/2022","14","0.55","1"
"Potenza_Viale_Firenze","CO","mg/m³","09/01/2022","15","0.45","1"
"Potenza_Viale_Firenze","CO","mg/m³","09/01/2022","16","0.47","1"
"Potenza_Viale_Firenze","CO","mg/m³","09/01/2022","17","0.57","1"
"Potenza_Viale_Firenze","CO","mg/m³","09/01/2022","18","0.60","1"
"Potenza_Viale_Firenze","CO","mg/m³","09/01/2022","19","0.64","1"
"Potenza_Viale_Firenze","CO","mg/m³","09/01/2022","20","0.99","1"
"Potenza_Viale_Firenze","CO","mg/m³","09/01/2022","21","0.90","1"
"Potenza_Viale_Firenze","CO","mg/m³","09/01/2022","22","0.50","1"
"Potenza_Viale_Firenze","CO","mg/m³","09/01/2022","23","0.42","1"
"Potenza_Viale_Firenze","CO","mg/m³","09/01/2022","24","0.44","1"
"Potenza_Viale_Firenze","CO","mg/m³","10/01/2022","01","0.41","1"
"Potenza_Viale_Firenze","CO","mg/m³","10/01/2022","02","0.39","1"
"Potenza_Viale_Firenze","CO","mg/m³","10/01/2022","03","0.36","1"
"Potenza_Viale_Firenze","CO","mg/m³","10/01/2022","04","0.37","1"
"Potenza_Viale_Firenze","CO","mg/m³","10/01/2022","05","0.37","1"
"Potenza_Viale_Firenze","CO","mg/m³","10/01/2022","06","0.49","1"
"Potenza_Viale_Firenze","CO","mg/m³","10/01/2022","07","0.46","1"
"Potenza_Viale_Firenze","CO","mg/m³","10/01/2022","08","0.50","-1"
"Potenza_Viale_Firenze","CO","mg/m³","10/01/2022","09","0.56","1"
"Potenza_Viale_Firenze","CO","mg/m³","10/01/2022","10","0.58","1"
"Potenza_Viale_Firenze","CO","mg/m³","10/01/2022","11","0.61","1"
"Potenza_Viale_Firenze","CO","mg/m³","10/01/2022","12","0.65","1"
"Potenza_Viale_Firenze","CO","mg/m³","10/01/2022","13","0.65","1"
"Potenza_Viale_Firenze","CO","mg/m³","10/01/2022","14","0.59","1"
"Potenza_Viale_Firenze","CO","mg/m³","10/01/2022","15","0.53","1"
"Potenza_Viale_Firenze","CO","mg/m³","10/01/2022","16","0.51","1"
"Potenza_Viale_Firenze","CO","mg/m³","10/01/2022","17","0.50","1"
"Potenza_Viale_Firenze","CO","mg/m³","10/01/2022","18","0.54","1"
"Potenza_Viale_Firenze","CO","mg/m³","10/01/2022","19","0.52","1"
"Potenza_Viale_Firenze","CO","mg/m³","10/01/2022","20","0.55","1"
"Potenza_Viale_Firenze","CO","mg/m³","10/01/2022","21","0.51","1"
"Potenza_Viale_Firenze","CO","mg/m³","10/01/2022","22","0.46","1"
"Potenza_Viale_Firenze","CO","mg/m³","10/01/2022","23","0.44","1"
"Potenza_Viale_Firenze","CO","mg/m³","10/01/2022","24","0.45","1"
"Potenza_Viale_Firenze","CO","mg/m³","11/01/2022","01","0.41","1"
"Potenza_Viale_Firenze","CO","mg/m³","11/01/2022","02","0.41","1"
"Potenza_Viale_Firenze","CO","mg/m³","11/01/2022","03","0.40","1"
"Potenza_Viale_Firenze","CO","mg/m³","11/01/2022","04","0.38","1"
"Potenza_Viale_Firenze","CO","mg/m³","11/01/2022","05","0.38","1"
"Potenza_Viale_Firenze","CO","mg/m³","11/01/2022","06","0.40","1"
"Potenza_Viale_Firenze","CO","mg/m³","11/01/2022","07","0.45","-1"
"Potenza_Viale_Firenze","CO","mg/m³","11/01/2022","08","0.56","1"
"Potenza_Viale_Firenze","CO","mg/m³","11/01/2022","09","0.56","1"
"Potenza_Viale_Firenze","CO","mg/m³","11/01/2022","10","0.55","1"
"Potenza_Viale_Firenze","CO","mg/m³","11/01/2022","11","0.55","1"
"Potenza_Viale_Firenze","CO","mg/m³","11/01/2022","12","0.60","1"
"Potenza_Viale_Firenze","CO","mg/m³","11/01/2022","13","0.58","1"
"Potenza_Viale_Firenze","CO","mg/m³","11/01/2022","14","0.54","1"
"Potenza_Viale_Firenze","CO","mg/m³","11/01/2022","15","0.59","1"
"Potenza_Viale_Firenze","CO","mg/m³","11/01/2022","16","0.54","1"
"Potenza_Viale_Firenze","CO","mg/m³","11/01/2022","17","0.56","1"
"Potenza_Viale_Firenze","CO","mg/m³","11/01/2022","18","0.62","1"
"Potenza_Viale_Firenze","CO","mg/m³","11/01/2022","19","0.68","1"
"Potenza_Viale_Firenze","CO","mg/m³","11/01/2022","20","0.64","1"
"Potenza_Viale_Firenze","CO","mg/m³","11/01/2022","21","0.58","1"
"Potenza_Viale_Firenze","CO","mg/m³","11/01/2022","22","0.47","1"
"Potenza_Viale_Firenze","CO","mg/m³","11/01/2022","23","0.44","1"
"Potenza_Viale_Firenze","CO","mg/m³","11/01/2022","24","0.43","1"
"Potenza_Viale_Firenze","CO","mg/m³","12/01/2022","01","0.39","1"
"Potenza_Viale_Firenze","CO","mg/m³","12/01/2022","02","0.38","1"
"Potenza_Viale_Firenze","CO","mg/m³","12/01/2022","03","0.38","1"
"Potenza_Viale_Firenze","CO","mg/m³","12/01/2022","04","0.41","1"
"Potenza_Viale_Firenze","CO","mg/m³","12/01/2022","05","0.40","1"
"Potenza_Viale_Firenze","CO","mg/m³","12/01/2022","06","0.41","-1"
"Potenza_Viale_Firenze","CO","mg/m³","12/01/2022","07","0.44","1"
"Potenza_Viale_Firenze","CO","mg/m³","12/01/2022","08","0.66","1"
"Potenza_Viale_Firenze","CO","mg/m³","12/01/2022","09","0.69","1"
"Potenza_Viale_Firenze","CO","mg/m³","12/01/2022","10","0.62","1"
"Potenza_Viale_Firenze","CO","mg/m³","12/01/2022","11","0.62","1"
"Potenza_Viale_Firenze","CO","mg/m³","12/01/2022","12","0.62","1"
"Potenza_Viale_Firenze","CO","mg/m³","12/01/2022","13","0.52","1"
"Potenza_Viale_Firenze","CO","mg/m³","12/01/2022","14","0.50","1"
"Potenza_Viale_Firenze","CO","mg/m³","12/01/2022","15","0.38","1"
"Potenza_Viale_Firenze","CO","mg/m³","12/01/2022","16","0.37","1"
"Potenza_Viale_Firenze","CO","mg/m³","12/01/2022","17","0.39","1"
"Potenza_Viale_Firenze","CO","mg/m³","12/01/2022","18","0.43","1"
"Potenza_Viale_Firenze","CO","mg/m³","12/01/2022","19","0.53","1"
"Potenza_Viale_Firenze","CO","mg/m³","12/01/2022","20","0.46","1"
"Potenza_Viale_Firenze","CO","mg/m³","12/01/2022","21","0.50","1"
"Potenza_Viale_Firenze","CO","mg/m³","12/01/2022","22","0.37","1"
"Potenza_Viale_Firenze","CO","mg/m³","12/01/2022","23","0.32","1"
"Potenza_Viale_Firenze","CO","mg/m³","12/01/2022","24","0.26","1"
"Potenza_Viale_Firenze","CO","mg/m³","13/01/2022","01","0.24","1"
"Potenza_Viale_Firenze","CO","mg/m³","13/01/2022","02","0.24","1"
"Potenza_Viale_Firenze","CO","mg/m³","13/01/2022","03","0.23","1"
"Potenza_Viale_Firenze","CO","mg/m³","13/01/2022","04","0.22","1"
"Potenza_Viale_Firenze","CO","mg/m³","13/01/2022","05","0.22","-1"
"Potenza_Viale_Firenze","CO","mg/m³","13/01/2022","06","0.24","1"
"Potenza_Viale_Firenze","CO","mg/m³","13/01/2022","07","0.28","1"
"Potenza_Viale_Firenze","CO","mg/m³","13/01/2022","08","0.50","1"
"Potenza_Viale_Firenze","CO","mg/m³","13/01/2022","09","0.48","1"
"Potenza_Viale_Firenze","CO","mg/m³","13/01/2022","10","0.41","1"
"Potenza_Viale_Firenze","CO","mg/m³","13/01/2022","11","0.38","1"
"Potenza_Viale_Firenze","CO","mg/m³","13/01/2022","12","0.43","1"
"Potenza_Viale_Firenze","CO","mg/m³","13/01/2022","13","0.35","1"
"Potenza_Viale_Firenze","CO","mg/m³","13/01/2022","14","0.46","1"
"Potenza_Viale_Firenze","CO","mg/m³","13/01/2022","15","0.34","1"
"Potenza_Viale_Firenze","CO","mg/m³","13/01/2022","16","0.35","1"
"Potenza_Viale_Firenze","CO","mg/m³","13/01/2022","17","0.44","1"
"Potenza_Viale_Firenze","CO","mg/m³","13/01/2022","18","0.56","1"
"Potenza_Viale_Firenze","CO","mg/m³","13/01/2022","19","0.55","1"
"Potenza_Viale_Firenze","CO","mg/m³","13/01/2022","20","0.79","1"
"Potenza_Viale_Firenze","CO","mg/m³","13/01/2022","21","1.07","1"
"Potenza_Viale_Firenze","CO","mg/m³","13/01/2022","22","0.77","1"
"Potenza_Viale_Firenze","CO","mg/m³","13/01/2022","23","0.73","1"
"Potenza_Viale_Firenze","CO","mg/m³","13/01/2022","24","0.51","1"
"Potenza_Viale_Firenze","CO","mg/m³","14/01/2022","01","0.25","1"
"Potenza_Viale_Firenze","CO","mg/m³","14/01/2022","02","0.23","1"
"Potenza_Viale_Firenze","CO","mg/m³","14/01/2022","03","0.21","1"
"Potenza_Viale_Firenze","CO","mg/m³","14/01/2022","04","0.22","-1"
"Potenza_Viale_Firenze","CO","mg/m³","14/01/2022","05","0.23","1"
"Potenza_Viale_Firenze","CO","mg/m³","14/01/2022","06","0.25","1"
"Potenza_Viale_Firenze","CO","mg/m³","14/01/2022","07","0.32","1"
"Potenza_Viale_Firenze","CO","mg/m³","14/01/2022","08","0.64","1"
"Potenza_Viale_Firenze","CO","mg/m³","14/01/2022","09","0.71","1"
"Potenza_Viale_Firenze","CO","mg/m³","14/01/2022","10","0.40","1"
"Potenza_Viale_Firenze","CO","mg/m³","14/01/2022","11","0.43","1"
"Potenza_Viale_Firenze","CO","mg/m³","14/01/2022","12","0.36","1"
"Potenza_Viale_Firenze","CO","mg/m³","14/01/2022","13","0.47","1"
"Potenza_Viale_Firenze","CO","mg/m³","14/01/2022","14","0.46","1"
"Potenza_Viale_Firenze","CO","mg/m³","14/01/2022","15","0.34","1"
"Potenza_Viale_Firenze","CO","mg/m³","14/01/2022","16","0.33","1"
"Potenza_Viale_Firenze","CO","mg/m³","14/01/2022","17","0.45","1"
"Potenza_Viale_Firenze","CO","mg/m³","14/01/2022","18","1.34","1"
"Potenza_Viale_Firenze","CO","mg/m³","14/01/2022","19","1.18","1"
"Potenza_Viale_Firenze","CO","mg/m³","14/01/2022","20","1.73","1"
"Potenza_Viale_Firenze","CO","mg/m³","14/01/2022","21","1.54","1"
"Potenza_Viale_Firenze","CO","mg/m³","14/01/2022","22","0.96","1"
"Potenza_Viale_Firenze","CO","mg/m³","14/01/2022","23","0.85","1"
"Potenza_Viale_Firenze","CO","mg/m³","14/01/2022","24","0.74","1"
"Potenza_Viale_Firenze","CO","mg/m³","15/01/2022","01","0.62","1"
"Potenza_Viale_Firenze","CO","mg/m³","15/01/2022","02","0.49","1"
"Potenza_Viale_Firenze","CO","mg/m³","15/01/2022","03","0.42","-1"
"Potenza_Viale_Firenze","CO","mg/m³","15/01/2022","04","0.30","1"
"Potenza_Viale_Firenze","CO","mg/m³","15/01/2022","05","0.31","1"
"Potenza_Viale_Firenze","CO","mg/m³","15/01/2022","06","0.40","1"
"Potenza_Viale_Firenze","CO","mg/m³","15/01/2022","07","0.56","1"
"Potenza_Viale_Firenze","CO","mg/m³","15/01/2022","08","1.25","1"
"Potenza_Viale_Firenze","CO","mg/m³","15/01/2022","09","2.38","1"
"Potenza_Viale_Firenze","CO","mg/m³","15/01/2022","10","1.52","1"
"Potenza_Viale_Firenze","CO","mg/m³","15/01/2022","11","1.68","1"
"Potenza_Viale_Firenze","CO","mg/m³","15/01/2022","12","0.53","1"
"Potenza_Viale_Firenze","CO","mg/m³","15/01/2022","13","0.39","1"
"Potenza_Viale_Firenze","CO","mg/m³","15/01/2022","14","0.39","1"
"Potenza_Viale_Firenze","CO","mg/m³","15/01/2022","15","0.33","1"
"Potenza_Viale_Firenze","CO","mg/m³","15/01/2022","16","0.33","1"
"Potenza_Viale_Firenze","CO","mg/m³","15/01/2022","17","0.66","1"
"Potenza_Viale_Firenze","CO","mg/m³","15/01/2022","18","1.47","1"
"Potenza_Viale_Firenze","CO","mg/m³","15/01/2022","19","1.33","1"
"Potenza_Viale_Firenze","CO","mg/m³","15/01/2022","20","1.41","1"
"Potenza_Viale_Firenze","CO","mg/m³","15/01/2022","21","1.48","1"
"Potenza_Viale_Firenze","CO","mg/m³","15/01/2022","22","1.41","1"
"Potenza_Viale_Firenze","CO","mg/m³","15/01/2022","23","1.11","1"
"Potenza_Viale_Firenze","CO","mg/m³","15/01/2022","24","0.97","1"
"Potenza_Viale_Firenze","CO","mg/m³","16/01/2022","01","0.72","1"
"Potenza_Viale_Firenze","CO","mg/m³","16/01/2022","02","0.56","-1"
"Potenza_Viale_Firenze","CO","mg/m³","16/01/2022","03","0.49","1"
"Potenza_Viale_Firenze","CO","mg/m³","16/01/2022","04","0.38","1"
"Potenza_Viale_Firenze","CO","mg/m³","16/01/2022","05","0.32","1"
"Potenza_Viale_Firenze","CO","mg/m³","16/01/2022","06","0.30","1"
"Potenza_Viale_Firenze","CO","mg/m³","16/01/2022","07","0.31","1"
"Potenza_Viale_Firenze","CO","mg/m³","16/01/2022","08","0.52","1"
"Potenza_Viale_Firenze","CO","mg/m³","16/01/2022","09","0.73","1"
"Potenza_Viale_Firenze","CO","mg/m³","16/01/2022","10","0.85","1"
"Potenza_Viale_Firenze","CO","mg/m³","16/01/2022","11","0.42","1"
"Potenza_Viale_Firenze","CO","mg/m³","16/01/2022","12","0.41","1"
"Potenza_Viale_Firenze","CO","mg/m³","16/01/2022","13","0.48","1"
"Potenza_Viale_Firenze","CO","mg/m³","16/01/2022","14","0.40","1"
"Potenza_Viale_Firenze","CO","mg/m³","16/01/2022","15","0.38","1"
"Potenza_Viale_Firenze","CO","mg/m³","16/01/2022","16","0.40","1"
"Potenza_Viale_Firenze","CO","mg/m³","16/01/2022","17","0.49","1"
"Potenza_Viale_Firenze","CO","mg/m³","16/01/2022","18","0.83","1"
"Potenza_Viale_Firenze","CO","mg/m³","16/01/2022","19","1.07","1"
"Potenza_Viale_Firenze","CO","mg/m³","16/01/2022","20","1.18","1"
"Potenza_Viale_Firenze","CO","mg/m³","16/01/2022","21","1.12","1"
"Potenza_Viale_Firenze","CO","mg/m³","16/01/2022","22","0.49","1"
"Potenza_Viale_Firenze","CO","mg/m³","16/01/2022","23","0.41","1"
"Potenza_Viale_Firenze","CO","mg/m³","16/01/2022","24","0.49","1"
"Potenza_Viale_Firenze","CO","mg/m³","17/01/2022","01","0.34","-1"
"Potenza_Viale_Firenze","CO","mg/m³","17/01/2022","02","0.29","1"
"Potenza_Viale_Firenze","CO","mg/m³","17/01/2022","03","0.27","1"
"Potenza_Viale_Firenze","CO","mg/m³","17/01/2022","04","0.27","1"
"Potenza_Viale_Firenze","CO","mg/m³","17/01/2022","05","0.26","1"
"Potenza_Viale_Firenze","CO","mg/m³","17/01/2022","06","0.31","1"
"Potenza_Viale_Firenze","CO","mg/m³","17/01/2022","07","0.45","1"
"Potenza_Viale_Firenze","CO","mg/m³","17/01/2022","08","0.46","1"
"Potenza_Viale_Firenze","CO","mg/m³","17/01/2022","09","0.49","1"
"Potenza_Viale_Firenze","CO","mg/m³","17/01/2022","10","0.46","1"
"Potenza_Viale_Firenze","CO","mg/m³","17/01/2022","11","0.35","1"
"Potenza_Viale_Firenze","CO","mg/m³","17/01/2022","12","0.39","1"
"Potenza_Viale_Firenze","CO","mg/m³","17/01/2022","13","0.39","1"
"Potenza_Viale_Firenze","CO","mg/m³","17/01/2022","14","0.55","1"
"Potenza_Viale_Firenze","CO","mg/m³","17/01/2022","15","0.43","1"
"Potenza_Viale_Firenze","CO","mg/m³","17/01/2022","16","0.47","1"
"Potenza_Viale_Firenze","CO","mg/m³","17/01/2022","17","0.78","1"
"Potenza_Viale_Firenze","CO","mg/m³","17/01/2022","18","1.52","1"
"Potenza_Viale_Firenze","CO","mg/m³","17/01/2022","19","1.56","1"
"Potenza_Viale_Firenze","CO","mg/m³","17/01/2022","20","1.86","1"
"Potenza_Viale_Firenze","CO","mg/m³","17/01/2022","21","1.34","1"
"Potenza_Viale_Firenze","CO","mg/m³","17/01/2022","22","1.09","1"
"Potenza_Viale_Firenze","CO","mg/m³","17/01/2022","23","0.81","1"
"Potenza_Viale_Firenze","CO","mg/m³","17/01/2022","24","0.63","-1"
"Potenza_Viale_Firenze","CO","mg/m³","18/01/2022","01","0.46","1"
"Potenza_Viale_Firenze","CO","mg/m³","18/01/2022","02","0.42","1"
"Potenza_Viale_Firenze","CO","mg/m³","18/01/2022","03","0.41","1"
"Potenza_Viale_Firenze","CO","mg/m³","18/01/2022","04","0.34","1"
"Potenza_Viale_Firenze","CO","mg/m³","18/01/2022","05","0.30","1"
"Potenza_Viale_Firenze","CO","mg/m³","18/01/2022","06","0.48","1"
"Potenza_Viale_Firenze","CO","mg/m³","18/01/2022","07","0.63","1"
"Potenza_Viale_Firenze","CO","mg/m³","18/01/2022","08","1.46","1"
"Potenza_Viale_Firenze","CO","mg/m³","18/01/2022","09","2.41","1"
"Potenza_Viale_Firenze","CO","mg/m³","18/01/2022","10","-9999","-1"
"Potenza_Viale_Firenze","CO","mg/m³","18/01/2022","11","0.90","1"
"Potenza_Viale_Firenze","CO","mg/m³","18/01/2022","12","0.50","1"
"Potenza_Viale_Firenze","CO","mg/m³","18/01/2022","13","0.52","1"
"Potenza_Viale_Firenze","CO","mg/m³","18/01/2022","14","0.53","1"
"Potenza_Viale_Firenze","CO","mg/m³","18/01/2022","15","0.49","1"
"Potenza_Viale_Firenze","CO","mg/m³","18/01/2022","16","0.49","1"
"Potenza_Viale_Firenze","CO","mg/m³","18/01/2022","17","0.69","1"
"Potenza_Viale_Firenze","CO","mg/m³","18/01/2022","18","1.45","1"
"Potenza_Viale_Firenze","CO","mg/m³","18/01/2022","19","1.31","1"
"Potenza_Viale_Firenze","CO","mg/m³","18/01/2022","20","1.71","1"
"Potenza_Viale_Firenze","CO","mg/m³","18/01/2022","21","1.72","1"
"Potenza_Viale_Firenze","CO","mg/m³","18/01/2022","22","1.00","1"
"Potenza_Viale_Firenze","CO","mg/m³","18/01/2022","23","0.93","-1"
"Potenza_Viale_Firenze","CO","mg/m³","18/01/2022","24","0.82","1"
"Potenza_Viale_Firenze","CO","mg/m³","19/01/2022","01","0.66","1"
"Potenza_Viale_Firenze","CO","mg/m³","19/01/2022","02","0.50","1"
"Potenza_Viale_Firenze","CO","mg/m³","19/01/2022","03","0.40","1"
"Potenza_Viale_Firenze","CO","mg/m³","19/01/2022","04","0.41","1"
"Potenza_Viale_Firenze","CO","mg/m³","19/01/2022","05","0.33","1"
"Potenza_Viale_Firenze","CO","mg/m³","19/01/2022","06","0.45","1"
"Potenza_Viale_Firenze","CO","mg/m³","19/01/2022","07","0.63","1"
"Potenza_Viale_Firenze","CO","mg/m³","19/01/2022","08","1.26","1"
"Potenza_Viale_Firenze","CO","mg/m³","19/01/2022","09","1.68","1"
"Potenza_Viale_Firenze","CO","mg/m³","19/01/2022","10","0.71","1"
"Potenza_Viale_Firenze","CO","mg/m³","19/01/2022","11","0.60","1"
"Potenza_Viale_Firenze","CO","mg/m³","19/01/2022","12","0.51","1"
"Potenza_Viale_Firenze","CO","mg/m³","19/01/2022","13","0.42","1"
"Potenza_Viale_Firenze","CO","mg/m³","19/01/2022","14","0.59","1"
"Potenza_Viale_Firenze","CO","mg/m³","19/01/2022","15","0.45","1"
"Potenza_Viale_Firenze","CO","mg/m³","19/01/2022","16","0.44","1"
"Potenza_Viale_Firenze","CO","mg/m³","19/01/2022","17","0.89","1"
"Potenza_Viale_Firenze","CO","mg/m³","19/01/2022","18","1.85","1"
"Potenza_Viale_Firenze","CO","mg/m³","19/01/2022","19","1.80","1"
"Potenza_Viale_Firenze","CO","mg/m³","19/01/2022","20","1.54","1"
"Potenza_Viale_Firenze","CO","mg/m³","19/01/2022","21","1.34","1"
"Potenza_Viale_Firenze","CO","mg/m³","19/01/2022","22","1.24","-1"
"Potenza_Viale_Firenze","CO","mg/m³","19/01/2022","23","0.99","1"
"Potenza_Viale_Firenze","CO","mg/m³","19/01/2022","24","0.53","1"
"Potenza_Viale_Firenze","CO","mg/m³","20/01/2022","01","0.32","1"
"Potenza_Viale_Firenze","CO","mg/m³","20/01/2022","02","0.34","1"
"Potenza_Viale_Firenze","CO","mg/m³","20/01/2022","03","0.31","1"
"Potenza_Viale_Firenze","CO","mg/m³","20/01/2022","04","0.33","1"
"Potenza_Viale_Firenze","CO","mg/m³","20/01/2022","05","0.31","1"
"Potenza_Viale_Firenze","CO","mg/m³","20/01/2022","06","0.34","1"
"Potenza_Viale_Firenze","CO","mg/m³","20/01/2022","07","0.50","1"
"Potenza_Viale_Firenze","CO","mg/m³","20/01/2022","08","1.37","1"
"Potenza_Viale_Firenze","CO","mg/m³","20/01/2022","09","1.00","1"
"Potenza_Viale_Firenze","CO","mg/m³","20/01/2022","10","0.50","1"
"Potenza_Viale_Firenze","CO","mg/m³","20/01/2022","11","0.45","1"
"Potenza_Viale_Firenze","CO","mg/m³","20/01/2022","12","0.46","1"
"Potenza_Viale_Firenze","CO","mg/m³","20/01/2022","13","0.53","1"
"Potenza_Viale_Firenze","CO","mg/m³","20/01/2022","14","0.49","1"
"Potenza_Viale_Firenze","CO","mg/m³","20/01/2022","15","0.49","1"
"Potenza_Viale_Firenze","CO","mg/m³","20/01/2022","16","0.46","1"
"Potenza_Viale_Firenze","CO","mg/m³","20/01/2022","17","0.55","1"
"Potenza_Viale_Firenze","CO","mg/m³","20/01/2022","18","0.78","1"
"Potenza_Viale_Firenze","CO","mg/m³","20/01/2022","19","0.80","1"
"Potenza_Viale_Firenze","CO","mg/m³","20/01/2022","20","0.52","1"
"Potenza_Viale_Firenze","CO","mg/m³","20/01/2022","21","0.58","-1"
"Potenza_Viale_Firenze","CO","mg/m³","20/01/2022","22","0.36","1"
"Potenza_Viale_Firenze","CO","mg/m³","20/01/2022","23","0.31","1"
"Potenza_Viale_Firenze","CO","mg/m³","20/01/2022","24","0.28","1"
"Potenza_Viale_Firenze","CO","mg/m³","21/01/2022","01","0.24","1"
"Potenza_Viale_Firenze","CO","mg/m³","21/01/2022","02","0.24","1"
"Potenza_Viale_Firenze","CO","mg/m³","21/01/2022","03","0.23","1"
"Potenza_Viale_Firenze","CO","mg/m³","21/01/2022","04","0.25","1"
"Potenza_Viale_Firenze","CO","mg/m³","21/01/2022","05","0.24","1"
"Potenza_Viale_Firenze","CO","mg/m³","21/01/2022","06","0.32","1"
"Potenza_Viale_Firenze","CO","mg/m³","21/01/2022","07","0.43","1"
"Potenza_Viale_Firenze","CO","mg/m³","21/01/2022","08","0.75","1"
"Potenza_Viale_Firenze","CO","mg/m³","21/01/2022","09","0.59","1"
"Potenza_Viale_Firenze","CO","mg/m³","21/01/2022","10","0.44","1"
"Potenza_Viale_Firenze","CO","mg/m³","21/01/2022","11","0.57","1"
"Potenza_Viale_Firenze","CO","mg/m³","21/01/2022","12","0.39","1"
"Potenza_Viale_Firenze","CO","mg/m³","21/01/2022","13","0.41","1"
"Potenza_Viale_Firenze","CO","mg/m³","21/01/2022","14","0.49","1"
"Potenza_Viale_Firenze","CO","mg/m³","21/01/2022","15","0.47","1"
"Potenza_Viale_Firenze","CO","mg/m³","21/01/2022","16","0.43","1"
"Potenza_Viale_Firenze","CO","mg/m³","21/01/2022","17","0.47","1"
"Potenza_Viale_Firenze","CO","mg/m³","21/01/2022","18","0.52","1"
"Potenza_Viale_Firenze","CO","mg/m³","21/01/2022","19","0.52","1"
"Potenza_Viale_Firenze","CO","mg/m³","21/01/2022","20","0.52","-1"
"Potenza_Viale_Firenze","CO","mg/m³","21/01/2022","21","0.51","1"
"Potenza_Viale_Firenze","CO","mg/m³","21/01/2022","22","0.38","1"
"Potenza_Viale_Firenze","CO","mg/m³","21/01/2022","23","0.34","1"
"Potenza_Viale_Firenze","CO","mg/m³","21/01/2022","24","0.31","1"
"Potenza_Viale_Firenze","CO","mg/m³","22/01/2022","01","0.32","1"
"Potenza_Viale_Firenze","CO","mg/m³","22/01/2022","02","0.30","1"
"Potenza_Viale_Firenze","CO","mg/m³","22/01/2022","03","0.30","1"
"Potenza_Viale_Firenze","CO","mg/m³","22/01/2022","04","0.28","1"
"Potenza_Viale_Firenze","CO","mg/m³","22/01/2022","05","0.28","1"
"Potenza_Viale_Firenze","CO","mg/m³","22/01/2022","06","0.31","1"
"Potenza_Viale_Firenze","CO","mg/m³","22/01/2022","07","0.36","1"
"Potenza_Viale_Firenze","CO","mg/m³","22/01/2022","08","0.51","1"
"Potenza_Viale_Firenze","CO","mg/m³","22/01/2022","09","0.68","1"
"Potenza_Viale_Firenze","CO","mg/m³","22/01/2022","10","0.49","1"
"Potenza_Viale_Firenze","CO","mg/m³","22/01/2022","11","0.45","1"
"Potenza_Viale_Firenze","CO","mg/m³","22/01/2022","12","0.48","1"
"Potenza_Viale_Firenze","CO","mg/m³","22/01/2022","13","0.48","1"
"Potenza_Viale_Firenze","CO","mg/m³","22/01/2022","14","0.45","1"
"Potenza_Viale_Firenze","CO","mg/m³","22/01/2022","15","0.38","1"
"Potenza_Viale_Firenze","CO","mg/m³","22/01/2022","16","0.33","1"
"Potenza_Viale_Firenze","CO","mg/m³","22/01/2022","17","0.38","1"
"Potenza_Viale_Firenze","CO","mg/m³","22/01/2022","18","1.03","1"
"Potenza_Viale_Firenze","CO","mg/m³","22/01/2022","19","1.75","-1"
"Potenza_Viale_Firenze","CO","mg/m³","22/01/2022","20","0.80","1"
"Potenza_Viale_Firenze","CO","mg/m³","22/01/2022","21","0.83","1"
"Potenza_Viale_Firenze","CO","mg/m³","22/01/2022","22","0.95","1"
"Potenza_Viale_Firenze","CO","mg/m³","22/01/2022","23","0.46","1"
"Potenza_Viale_Firenze","CO","mg/m³","22/01/2022","24","0.44","1"
"Potenza_Viale_Firenze","CO","mg/m³","23/01/2022","01","0.36","1"
"Potenza_Viale_Firenze","CO","mg/m³","23/01/2022","02","0.46","1"
"Potenza_Viale_Firenze","CO","mg/m³","23/01/2022","03","0.43","1"
"Potenza_Viale_Firenze","CO","mg/m³","23/01/2022","04","0.43","1"
"Potenza_Viale_Firenze","CO","mg/m³","23/01/2022","05","0.37","1"
"Potenza_Viale_Firenze","CO","mg/m³","23/01/2022","06","0.35","1"
"Potenza_Viale_Firenze","CO","mg/m³","23/01/2022","07","0.42","1"
"Potenza_Viale_Firenze","CO","mg/m³","23/01/2022","08","0.44","1"
"Potenza_Viale_Firenze","CO","mg/m³","23/01/2022","09","0.45","1"
"Potenza_Viale_Firenze","CO","mg/m³","23/01/2022","10","0.38","1"
"Potenza_Viale_Firenze","CO","mg/m³","23/01/2022","11","0.40","1"
"Potenza_Viale_Firenze","CO","mg/m³","23/01/2022","12","0.39","1"
"Potenza_Viale_Firenze","CO","mg/m³","23/01/2022","13","0.43","1"
"Potenza_Viale_Firenze","CO","mg/m³","23/01/2022","14","0.39","1"
"Potenza_Viale_Firenze","CO","mg/m³","23/01/2022","15","0.36","1"
"Potenza_Viale_Firenze","CO","mg/m³","23/01/2022","16","0.39","1"
"Potenza_Viale_Firenze","CO","mg/m³","23/01/2022","17","0.35","1"
"Potenza_Viale_Firenze","CO","mg/m³","23/01/2022","18","0.45","-1"
"Potenza_Viale_Firenze","CO","mg/m³","23/01/2022","19","0.37","1"
"Potenza_Viale_Firenze","CO","mg/m³","23/01/2022","20","0.37","1"
"Potenza_Viale_Firenze","CO","mg/m³","23/01/2022","21","0.39","1"
"Potenza_Viale_Firenze","CO","mg/m³","23/01/2022","22","0.32","1"
"Potenza_Viale_Firenze","CO","mg/m³","23/01/2022","23","0.34","1"
"Potenza_Viale_Firenze","CO","mg/m³","23/01/2022","24","0.31","1"
"Potenza_Viale_Firenze","CO","mg/m³","24/01/2022","01","0.28","1"
"Potenza_Viale_Firenze","CO","mg/m³","24/01/2022","02","0.27","1"
"Potenza_Viale_Firenze","CO","mg/m³","24/01/2022","03","0.26","1"
"Potenza_Viale_Firenze","CO","mg/m³","24/01/2022","04","0.25","1"
"Potenza_Viale_Firenze","CO","mg/m³","24/01/2022","05","0.27","1"
"Potenza_Viale_Firenze","CO","mg/m³","24/01/2022","06","0.28","1"
"Potenza_Viale_Firenze","CO","mg/m³","24/01/2022","07","0.37","1"
"Potenza_Viale_Firenze","CO","mg/m³","24/01/2022","08","0.58","1"
"Potenza_Viale_Firenze","CO","mg/m³","24/01/2022","09","0.61","1"
"Potenza_Viale_Firenze","CO","mg/m³","24/01/2022","10","0.55","1"
"Potenza_Viale_Firenze","CO","mg/m³","24/01/2022","11","0.51","1"
"Potenza_Viale_Firenze","CO","mg/m³","24/01/2022","12","0.53","1"
"Potenza_Viale_Firenze","CO","mg/m³","24/01/2022","13","0.52","1"
"Potenza_Viale_Firenze","CO","mg/m³","24/01/2022","14","0.55","1"
"Potenza_Viale_Firenze","CO","mg/m³","24/01/2022","15","0.47","1"
"Potenza_Viale_Firenze","CO","mg/m³","24/01/2022","16","0.49","1"
"Potenza_Viale_Firenze","CO","mg/m³","24/01/2022","17","0.45","-1"
"Potenza_Viale_Firenze","CO","mg/m³","24/01/2022","18","0.52","1"
"Potenza_Viale_Firenze","CO","mg/m³","24/01/2022","19","0.61","1"
"Potenza_Viale_Firenze","CO","mg/m³","24/01/2022","20","0.58","1"
"Potenza_Viale_Firenze","CO","mg/m³","24/01/2022","21","0.57","1"
"Potenza_Viale_Firenze","CO","mg/m³","24/01/2022","22","0.45","1"
"Potenza_Viale_Firenze","CO","mg/m³","24/01/2022","23","0.45","1"
"Potenza_Viale_Firenze","CO","mg/m³","24/01/2022","24","0.41","1"
"Potenza_Viale_Firenze","CO","mg/m³","25/01/2022","01","0.41","1"
"Potenza_Viale_Firenze","CO","mg/m³","25/01/2022","02","0.38","1"
"Potenza_Viale_Firenze","CO","mg/m³","25/01/2022","03","0.38","1"
"Potenza_Viale_Firenze","CO","mg/m³","25/01/2022","04","0.39","1"
"Potenza_Viale_Firenze","CO","mg/m³","25/01/2022","05","0.39","1"
"Potenza_Viale_Firenze","CO","mg/m³","25/01/2022","06","0.47","1"
"Potenza_Viale_Firenze","CO","mg/m³","25/01/2022","07","0.67","1"
"Potenza_Viale_Firenze","CO","mg/m³","25/01/2022","08","1.38","1"
"Potenza_Viale_Firenze","CO","mg/m³","25/01/2022","09","1.49","1"
"Potenza_Viale_Firenze","CO","mg/m³","25/01/2022","10","0.67","1"
"Potenza_Viale_Firenze","CO","mg/m³","25/01/2022","11","0.55","1"
"Potenza_Viale_Firenze","CO","mg/m³","25/01/2022","12","0.53","1"
"Potenza_Viale_Firenze","CO","mg/m³","25/01/2022","13","0.57","1"
"Potenza_Viale_Firenze","CO","mg/m³","25/01/2022","14","0.50","1"
"Potenza_Viale_Firenze","CO","mg/m³","25/01/2022","15","0.49","1"
"Potenza_Viale_Firenze","CO","mg/m³","25/01/2022","16","0.50","-1"
"Potenza_Viale_Firenze","CO","mg/m³","25/01/2022","17","0.62","1"
"Potenza_Viale_Firenze","CO","mg/m³","25/01/2022","18","0.96","1"
"Potenza_Viale_Firenze","CO","mg/m³","25/01/2022","19","1.61","1"
"Potenza_Viale_Firenze","CO","mg/m³","25/01/2022","20","1.62","1"
"Potenza_Viale_Firenze","CO","mg/m³","25/01/2022","21","1.63","1"
"Potenza_Viale_Firenze","CO","mg/m³","25/01/2022","22","0.90","1"
"Potenza_Viale_Firenze","CO","mg/m³","25/01/2022","23","0.96","1"
"Potenza_Viale_Firenze","CO","mg/m³","25/01/2022","24","0.70","1"
"Potenza_Viale_Firenze","CO","mg/m³","26/01/2022","01","0.51","1"
"Potenza_Viale_Firenze","CO","mg/m³","26/01/2022","02","0.47","1"
"Potenza_Viale_Firenze","CO","mg/m³","26/01/2022","03","0.45","1"
"Potenza_Viale_Firenze","CO","mg/m³","26/01/2022","04","0.36","1"
"Potenza_Viale_Firenze","CO","mg/m³","26/01/2022","05","0.37","1"
"Potenza_Viale_Firenze","CO","mg/m³","26/01/2022","06","0.40","1"
"Potenza_Viale_Firenze","CO","mg/m³","26/01/2022","07","0.68","1"
"Potenza_Viale_Firenze","CO","mg/m³","26/01/2022","08","1.30","1"
"Potenza_Viale_Firenze","CO","mg/m³","26/01/2022","09","0.61","1"
"Potenza_Viale_Firenze","CO","mg/m³","26/01/2022","10","0.56","1"
"Potenza_Viale_Firenze","CO","mg/m³","26/01/2022","11","0.53","1"
"Potenza_Viale_Firenze","CO","mg/m³","26/01/2022","12","0.47","1"
"Potenza_Viale_Firenze","CO","mg/m³","26/01/2022","13","0.49","1"
"Potenza_Viale_Firenze","CO","mg/m³","26/01/2022","14","0.54","1"
"Potenza_Viale_Firenze","CO","mg/m³","26/01/2022","15","0.52","-1"
"Potenza_Viale_Firenze","CO","mg/m³","26/01/2022","16","0.52","1"
"Potenza_Viale_Firenze","CO","mg/m³","26/01/2022","17","0.55","1"
"Potenza_Viale_Firenze","CO","mg/m³","26/01/2022","18","0.67","1"
"Potenza_Viale_Firenze","CO","mg/m³","26/01/2022","19","1.29","1"
"Potenza_Viale_Firenze","CO","mg/m³","26/01/2022","20","1.76","1"
"Potenza_Viale_Firenze","CO","mg/m³","26/01/2022","21","1.10","1"
"Potenza_Viale_Firenze","CO","mg/m³","26/01/2022","22","0.95","1"
"Potenza_Viale_Firenze","CO","mg/m³","26/01/2022","23","0.80","1"
"Potenza_Viale_Firenze","CO","mg/m³","26/01/2022","24","0.77","1"
"Potenza_Viale_Firenze","CO","mg/m³","27/01/2022","01","0.69","1"
"Potenza_Viale_Firenze","CO","mg/m³","27/01/2022","02","0.55","1"
"Potenza_Viale_Firenze","CO","mg/m³","27/01/2022","03","0.49","1"
"Potenza_Viale_Firenze","CO","mg/m³","27/01/2022","04","0.47","1"
"Potenza_Viale_Firenze","CO","mg/m³","27/01/2022","05","0.41","1"
"Potenza_Viale_Firenze","CO","mg/m³","27/01/2022","06","0.44","1"
"Potenza_Viale_Firenze","CO","mg/m³","27/01/2022","07","0.74","1"
"Potenza_Viale_Firenze","CO","mg/m³","27/01/2022","08","1.62","1"
"Potenza_Viale_Firenze","CO","mg/m³","27/01/2022","09","1.63","1"
"Potenza_Viale_Firenze","CO","mg/m³","27/01/2022","10","0.70","1"
"Potenza_Viale_Firenze","CO","mg/m³","27/01/2022","11","0.49","1"
"Potenza_Viale_Firenze","CO","mg/m³","27/01/2022","12","0.50","1"
"Potenza_Viale_Firenze","CO","mg/m³","27/01/2022","13","0.49","1"
"Potenza_Viale_Firenze","CO","mg/m³","27/01/2022","14","0.59","-1"
"Potenza_Viale_Firenze","CO","mg/m³","27/01/2022","15","0.51","1"
"Potenza_Viale_Firenze","CO","mg/m³","27/01/2022","16","0.51","1"
"Potenza_Viale_Firenze","CO","mg/m³","27/01/2022","17","0.64","1"
"Potenza_Viale_Firenze","CO","mg/m³","27/01/2022","18","1.12","1"
"Potenza_Viale_Firenze","CO","mg/m³","27/01/2022","19","0.82","1"
"Potenza_Viale_Firenze","CO","mg/m³","27/01/2022","20","1.39","1"
"Potenza_Viale_Firenze","CO","mg/m³","27/01/2022","21","1.46","1"
"Potenza_Viale_Firenze","CO","mg/m³","27/01/2022","22","0.84","1"
"Potenza_Viale_Firenze","CO","mg/m³","27/01/2022","23","0.87","1"
"Potenza_Viale_Firenze","CO","mg/m³","27/01/2022","24","0.62","1"
"Potenza_Viale_Firenze","CO","mg/m³","28/01/2022","01","0.44","1"
"Potenza_Viale_Firenze","CO","mg/m³","28/01/2022","02","0.43","1"
"Potenza_Viale_Firenze","CO","mg/m³","28/01/2022","03","0.37","1"
"Potenza_Viale_Firenze","CO","mg/m³","28/01/2022","04","0.36","1"
"Potenza_Viale_Firenze","CO","mg/m³","28/01/2022","05","0.33","1"
"Potenza_Viale_Firenze","CO","mg/m³","28/01/2022","06","0.34","1"
"Potenza_Viale_Firenze","CO","mg/m³","28/01/2022","07","0.36","1"
"Potenza_Viale_Firenze","CO","mg/m³","28/01/2022","08","0.49","1"
"Potenza_Viale_Firenze","CO","mg/m³","28/01/2022","09","0.52","1"
"Potenza_Viale_Firenze","CO","mg/m³","28/01/2022","10","0.48","1"
"Potenza_Viale_Firenze","CO","mg/m³","28/01/2022","11","0.46","1"
"Potenza_Viale_Firenze","CO","mg/m³","28/01/2022","12","0.57","1"
"Potenza_Viale_Firenze","CO","mg/m³","28/01/2022","13","0.47","-1"
"Potenza_Viale_Firenze","CO","mg/m³","28/01/2022","14","0.56","1"
"Potenza_Viale_Firenze","CO","mg/m³","28/01/2022","15","0.50","1"
"Potenza_Viale_Firenze","CO","mg/m³","28/01/2022","16","0.52","1"
"Potenza_Viale_Firenze","CO","mg/m³","28/01/2022","17","0.59","1"
"Potenza_Viale_Firenze","CO","mg/m³","28/01/2022","18","0.57","1"
"Potenza_Viale_Firenze","CO","mg/m³","28/01/2022","19","0.92","1"
"Potenza_Viale_Firenze","CO","mg/m³","28/01/2022","20","0.76","1"
"Potenza_Viale_Firenze","CO","mg/m³","28/01/2022","21","0.56","1"
"Potenza_Viale_Firenze","CO","mg/m³","28/01/2022","22","0.41","1"
"Potenza_Viale_Firenze","CO","mg/m³","28/01/2022","23","0.38","1"
"Potenza_Viale_Firenze","CO","mg/m³","28/01/2022","24","0.35","1"
"Potenza_Viale_Firenze","CO","mg/m³","29/01/2022","01","0.32","1"
"Potenza_Viale_Firenze","CO","mg/m³","29/01/2022","02","0.31","1"
"Potenza_Viale_Firenze","CO","mg/m³","29/01/2022","03","0.35","1"
"Potenza_Viale_Firenze","CO","mg/m³","29/01/2022","04","0.33","1"
"Potenza_Viale_Firenze","CO","mg/m³","29/01/2022","05","0.32","1"
"Potenza_Viale_Firenze","CO","mg/m³","29/01/2022","06","0.33","1"
"Potenza_Viale_Firenze","CO","mg/m³","29/01/2022","07","0.40","1"
"Potenza_Viale_Firenze","CO","mg/m³","29/01/2022","08","0.45","1"
"Potenza_Viale_Firenze","CO","mg/m³","29/01/2022","09","0.55","1"
"Potenza_Viale_Firenze","CO","mg/m³","29/01/2022","10","0.45","1"
"Potenza_Viale_Firenze","CO","mg/m³","29/01/2022","11","0.51","1"
"Potenza_Viale_Firenze","CO","mg/m³","29/01/2022","12","0.50","-1"
"Potenza_Viale_Firenze","CO","mg/m³","29/01/2022","13","0.51","1"
"Potenza_Viale_Firenze","CO","mg/m³","29/01/2022","14","0.53","1"
"Potenza_Viale_Firenze","CO","mg/m³","29/01/2022","15","0.42","1"
"Potenza_Viale_Firenze","CO","mg/m³","29/01/2022","16","0.40","1"
"Potenza_Viale_Firenze","CO","mg/m³","29/01/2022","17","0.46","1"
"Potenza_Viale_Firenze","CO","mg/m³","29/01/2022","18","0.47","1"
"Potenza_Viale_Firenze","CO","mg/m³","29/01/2022","19","0.58","1"
"Potenza_Viale_Firenze","CO","mg/m³","29/01/2022","20","0.69","1"
"Potenza_Viale_Firenze","CO","mg/m³","29/01/2022","21","0.62","1"
"Potenza_Viale_Firenze","CO","mg/m³","29/01/2022","22","0.81","1"
"Potenza_Viale_Firenze","CO","mg/m³","29/01/2022","23","0.77","1"
"Potenza_Viale_Firenze","CO","mg/m³","29/01/2022","24","0.86","1"
"Potenza_Viale_Firenze","CO","mg/m³","30/01/2022","01","0.77","1"
"Potenza_Viale_Firenze","CO","mg/m³","30/01/2022","02","0.61","1"
"Potenza_Viale_Firenze","CO","mg/m³","30/01/2022","03","0.51","1"
"Potenza_Viale_Firenze","CO","mg/m³","30/01/2022","04","0.44","1"
"Potenza_Viale_Firenze","CO","mg/m³","30/01/2022","05","0.42","1"
"Potenza_Viale_Firenze","CO","mg/m³","30/01/2022","06","0.40","1"
"Potenza_Viale_Firenze","CO","mg/m³","30/01/2022","07","0.40","1"
"Potenza_Viale_Firenze","CO","mg/m³","30/01/2022","08","0.69","1"
"Potenza_Viale_Firenze","CO","mg/m³","30/01/2022","09","0.81","1"
"Potenza_Viale_Firenze","CO","mg/m³","30/01/2022","10","0.46","1"
"Potenza_Viale_Firenze","CO","mg/m³","30/01/2022","11","0.49","-1"
"Potenza_Viale_Firenze","CO","mg/m³","30/01/2022","12","0.53","1"
"Potenza_Viale_Firenze","CO","mg/m³","30/01/2022","13","0.51","1"
"Potenza_Viale_Firenze","CO","mg/m³","30/01/2022","14","0.47","1"
"Potenza_Viale_Firenze","CO","mg/m³","30/01/2022","15","0.47","1"
"Potenza_Viale_Firenze","CO","mg/m³","30/01/2022","16","0.46","1"
"Potenza_Viale_Firenze","CO","mg/m³","30/01/2022","17","0.50","1"
"Potenza_Viale_Firenze","CO","mg/m³","30/01/2022","18","0.60","1"
"Potenza_Viale_Firenze","CO","mg/m³","30/01/2022","19","0.66","1"
"Potenza_Viale_Firenze","CO","mg/m³","30/01/2022","20","0.76","1"
"Potenza_Viale_Firenze","CO","mg/m³","30/01/2022","21","0.74","1"
"Potenza_Viale_Firenze","CO","mg/m³","30/01/2022","22","0.70","1"
"Potenza_Viale_Firenze","CO","mg/m³","30/01/2022","23","0.80","1"
"Potenza_Viale_Firenze","CO","mg/m³","30/01/2022","24","0.70","1"
"Potenza_Viale_Firenze","CO","mg/m³","31/01/2022","01","0.54","1"
"Potenza_Viale_Firenze","CO","mg/m³","31/01/2022","02","0.44","1"
"Potenza_Viale_Firenze","CO","mg/m³","31/01/2022","03","0.41","1"
"Potenza_Viale_Firenze","CO","mg/m³","31/01/2022","04","0.39","1"
"Potenza_Viale_Firenze","CO","mg/m³","31/01/2022","05","0.37","1"
"Potenza_Viale_Firenze","CO","mg/m³","31/01/2022","06","0.45","1"
"Potenza_Viale_Firenze","CO","mg/m³","31/01/2022","07","0.81","1"
"Potenza_Viale_Firenze","CO","mg/m³","31/01/2022","08","1.48","1"
"Potenza_Viale_Firenze","CO","mg/m³","31/01/2022","09","1.66","1"
"Potenza_Viale_Firenze","CO","mg/m³","31/01/2022","10","0.53","-1"
"Potenza_Viale_Firenze","CO","mg/m³","31/01/2022","11","0.45","1"
"Potenza_Viale_Firenze","CO","mg/m³","31/01/2022","12","0.44","1"
"Potenza_Viale_Firenze","CO","mg/m³","31/01/2022","13","0.46","1"
"Potenza_Viale_Firenze","CO","mg/m³","31/01/2022","14","0.46","1"
"Potenza_Viale_Firenze","CO","mg/m³","31/01/2022","15","0.43","1"
"Potenza_Viale_Firenze","CO","mg/m³","31/01/2022","16","0.48","1"
"Potenza_Viale_Firenze","CO","mg/m³","31/01/2022","17","0.54","1"
"Potenza_Viale_Firenze","CO","mg/m³","31/01/2022","18","0.56","1"
"Potenza_Viale_Firenze","CO","mg/m³","31/01/2022","19","0.54","1"
"Potenza_Viale_Firenze","CO","mg/m³","31/01/2022","20","0.54","1"
"Potenza_Viale_Firenze","CO","mg/m³","31/01/2022","21","0.65","1"
"Potenza_Viale_Firenze","CO","mg/m³","31/01/2022","22","0.59","1"
"Potenza_Viale_Firenze","CO","mg/m³","31/01/2022","23","0.45","1"
"Potenza_Viale_Firenze","CO","mg/m³","31/01/2022","24","0.39","1"
"Potenza_Viale_Firenze","CO","mg/m³","01/02/2022","01","0.39","1"
"Potenza_Viale_Firenze","CO","mg/m³","01/02/2022","02","0.35","1"
"Potenza_Viale_Firenze","CO","mg/m³","01/02/2022","03","0.35","1"
"Potenza_Viale_Firenze","CO","mg/m³","01/02/2022","04","0.33","1"
"Potenza_Viale_Firenze","CO","mg/m³","01/02/2022","05","0.32","1"
"Potenza_Viale_Firenze","CO","mg/m³","01/02/2022","06","0.32","1"
"Potenza_Viale_Firenze","CO","mg/m³","01/02/2022","07","0.34","1"
"Potenza_Viale_Firenze","CO","mg/m³","01/02/2022","08","0.46","1"
"Potenza_Viale_Firenze","CO","mg/m³","01/02/2022","09","0.56","-1"
"Potenza_Viale_Firenze","CO","mg/m³","01/02/2022","10","0.50","1"
"Potenza_Viale_Firenze","CO","mg/m³","01/02/2022","11","0.50","1"
"Potenza_Viale_Firenze","CO","mg/m³","01/02/2022","12","0.50","1"
"Potenza_Viale_Firenze","CO","mg/m³","01/02/2022","13","0.53","1"
"Potenza_Viale_Firenze","CO","mg/m³","01/02/2022","14","0.54","1"
"Potenza_Viale_Firenze","CO","mg/m³","01/02/2022","15","0.49","1"
"Potenza_Viale_Firenze","CO","mg/m³","01/02/2022","16","0.46","1"
"Potenza_Viale_Firenze","CO","mg/m³","01/02/2022","17","0.50","1"
"Potenza_Viale_Firenze","CO","mg/m³","01/02/2022","18","0.50","1"
"Potenza_Viale_Firenze","CO","mg/m³","01/02/2022","19","0.55","1"
"Potenza_Viale_Firenze","CO","mg/m³","01/02/2022","20","0.53","1"
"Potenza_Viale_Firenze","CO","mg/m³","01/02/2022","21","0.48","1"
"Potenza_Viale_Firenze","CO","mg/m³","01/02/2022","22","0.45","1"
"Potenza_Viale_Firenze","CO","mg/m³","01/02/2022","23","0.42","1"
"Potenza_Viale_Firenze","CO","mg/m³","01/02/2022","24","0.41","1"
"Potenza_Viale_Firenze","CO","mg/m³","02/02/2022","01","0.38","1"
"Potenza_Viale_Firenze","CO","mg/m³","02/02/2022","02","0.37","1"
"Potenza_Viale_Firenze","CO","mg/m³","02/02/2022","03","0.34","1"
"Potenza_Viale_Firenze","CO","mg/m³","02/02/2022","04","0.34","1"
"Potenza_Viale_Firenze","CO","mg/m³","02/02/2022","05","0.37","1"
"Potenza_Viale_Firenze","CO","mg/m³","02/02/2022","06","0.58","1"
"Potenza_Viale_Firenze","CO","mg/m³","02/02/2022","07","0.84","1"
"Potenza_Viale_Firenze","CO","mg/m³","02/02/2022","08","0.65","-1"
"Potenza_Viale_Firenze","CO","mg/m³","02/02/2022","09","0.75","1"
"Potenza_Viale_Firenze","CO","mg/m³","02/02/2022","10","0.48","1"
"Potenza_Viale_Firenze","CO","mg/m³","02/02/2022","11","0.48","1"
"Potenza_Viale_Firenze","CO","mg/m³","02/02/2022","12","0.48","1"
"Potenza_Viale_Firenze","CO","mg/m³","02/02/2022","13","0.47","1"
"Potenza_Viale_Firenze","CO","mg/m³","02/02/2022","14","0.49","1"
"Potenza_Viale_Firenze","CO","mg/m³","02/02/2022","15","0.47","1"
"Potenza_Viale_Firenze","CO","mg/m³","02/02/2022","16","0.53","1"
"Potenza_Viale_Firenze","CO","mg/m³","02/02/2022","17","0.58","1"
"Potenza_Viale_Firenze","CO","mg/m³","02/02/2022","18","1.36","1"
"Potenza_Viale_Firenze","CO","mg/m³","02/02/2022","19","1.36","1"
"Potenza_Viale_Firenze","CO","mg/m³","02/02/2022","20","1.64","1"
"Potenza_Viale_Firenze","CO","mg/m³","02/02/2022","21","1.60","1"
"Potenza_Viale_Firenze","CO","mg/m³","02/02/2022","22","1.05","1"
"Potenza_Viale_Firenze","CO","mg/m³","02/02/2022","23","0.93","1"
"Potenza_Viale_Firenze","CO","mg/m³","02/02/2022","24","1.08","1"
"Potenza_Viale_Firenze","CO","mg/m³","03/02/2022","01","0.92","1"
"Potenza_Viale_Firenze","CO","mg/m³","03/02/2022","02","0.40","1"
"Potenza_Viale_Firenze","CO","mg/m³","03/02/2022","03","0.37","1"
"Potenza_Viale_Firenze","CO","mg/m³","03/02/2022","04","0.36","1"
"Potenza_Viale_Firenze","CO","mg/m³","03/02/2022","05","0.36","1"
"Potenza_Viale_Firenze","CO","mg/m³","03/02/2022","06","0.36","1"
"Potenza_Viale_Firenze","CO","mg/m³","03/02/2022","07","0.53","-1"
"Potenza_Viale_Firenze","CO","mg/m³","03/02/2022","08","0.87","1"
"Potenza_Viale_Firenze","CO","mg/m³","03/02/2022","09","0.59","1"
"Potenza_Viale_Firenze","CO","mg/m³","03/02/2022","10","0.46","1"
"Potenza_Viale_Firenze","CO","mg/m³","03/02/2022","11","0.51","1"
"Potenza_Viale_Firenze","CO","mg/m³","03/02/2022","12","0.47","1"
"Potenza_Viale_Firenze","CO","mg/m³","03/02/2022","13","0.53","1"
"Potenza_Viale_Firenze","CO","mg/m³","03/02/2022","14","0.52","1"
"Potenza_Viale_Firenze","CO","mg/m³","03/02/2022","15","0.46","1"
"Potenza_Viale_Firenze","CO","mg/m³","03/02/2022","16","0.49","1"
"Potenza_Viale_Firenze","CO","mg/m³","03/02/2022","17","0.62","1"
"Potenza_Viale_Firenze","CO","mg/m³","03/02/2022","18","1.12","1"
"Potenza_Viale_Firenze","CO","mg/m³","03/02/2022","19","1.65","1"
"Potenza_Viale_Firenze","CO","mg/m³","03/02/2022","20","1.40","1"
"Potenza_Viale_Firenze","CO","mg/m³","03/02/2022","21","1.82","1"
"Potenza_Viale_Firenze","CO","mg/m³","03/02/2022","22","1.28","1"
"Potenza_Viale_Firenze","CO","mg/m³","03/02/2022","23","1.19","1"
"Potenza_Viale_Firenze","CO","mg/m³","03/02/2022","24","1.12","1"
"Potenza_Viale_Firenze","CO","mg/m³","04/02/2022","01","0.83","1"
"Potenza_Viale_Firenze","CO","mg/m³","04/02/2022","02","0.57","1"
"Potenza_Viale_Firenze","CO","mg/m³","04/02/2022","03","0.47","1"
"Potenza_Viale_Firenze","CO","mg/m³","04/02/2022","04","0.39","1"
"Potenza_Viale_Firenze","CO","mg/m³","04/02/2022","05","0.38","1"
"Potenza_Viale_Firenze","CO","mg/m³","04/02/2022","06","0.41","-1"
"Potenza_Viale_Firenze","CO","mg/m³","04/02/2022","07","0.52","1"
"Potenza_Viale_Firenze","CO","mg/m³","04/02/2022","08","0.96","1"
"Potenza_Viale_Firenze","CO","mg/m³","04/02/2022","09","0.82","1"
"Potenza_Viale_Firenze","CO","mg/m³","04/02/2022","10","0.65","1"
"Potenza_Viale_Firenze","CO","mg/m³","04/02/2022","11","0.76","1"
"Potenza_Viale_Firenze","CO","mg/m³","04/02/2022","12","0.61","1"
"Potenza_Viale_Firenze","CO","mg/m³","04/02/2022","13","0.66","1"
"Potenza_Viale_Firenze","CO","mg/m³","04/02/2022","14","0.55","1"
"Potenza_Viale_Firenze","CO","mg/m³","04/02/2022","15","0.46","1"
"Potenza_Viale_Firenze","CO","mg/m³","04/02/2022","16","0.50","1"
"Potenza_Viale_Firenze","CO","mg/m³","04/02/2022","17","0.53","1"
"Potenza_Viale_Firenze","CO","mg/m³","04/02/2022","18","0.59","1"
"Potenza_Viale_Firenze","CO","mg/m³","04/02/2022","19","0.62","1"
"Potenza_Viale_Firenze","CO","mg/m³","04/02/2022","20","0.90","1"
"Potenza_Viale_Firenze","CO","mg/m³","04/02/2022","21","0.92","1"
"Potenza_Viale_Firenze","CO","mg/m³","04/02/2022","22","1.06","1"
"Potenza_Viale_Firenze","CO","mg/m³","04/02/2022","23","0.98","1"
"Potenza_Viale_Firenze","CO","mg/m³","04/02/2022","24","0.82","1"
"Potenza_Viale_Firenze","CO","mg/m³","05/02/2022","01","0.44","1"
"Potenza_Viale_Firenze","CO","mg/m³","05/02/2022","02","0.35","1"
"Potenza_Viale_Firenze","CO","mg/m³","05/02/2022","03","0.33","1"
"Potenza_Viale_Firenze","CO","mg/m³","05/02/2022","04","0.32","1"
"Potenza_Viale_Firenze","CO","mg/m³","05/02/2022","05","0.34","-1"
"Potenza_Viale_Firenze","CO","mg/m³","05/02/2022","06","0.43","1"
"Potenza_Viale_Firenze","CO","mg/m³","05/02/2022","07","0.74","1"
"Potenza_Viale_Firenze","CO","mg/m³","05/02/2022","08","0.99","1"
"Potenza_Viale_Firenze","CO","mg/m³","05/02/2022","09","1.32","1"
"Potenza_Viale_Firenze","CO","mg/m³","05/02/2022","10","0.66","1"
"Potenza_Viale_Firenze","CO","mg/m³","05/02/2022","11","0.47","1"
"Potenza_Viale_Firenze","CO","mg/m³","05/02/2022","12","0.47","1"
"Potenza_Viale_Firenze","CO","mg/m³","05/02/2022","13","0.47","1"
"Potenza_Viale_Firenze","CO","mg/m³","05/02/2022","14","0.49","1"
"Potenza_Viale_Firenze","CO","mg/m³","05/02/2022","15","0.45","1"
"Potenza_Viale_Firenze","CO","mg/m³","05/02/2022","16","0.49","1"
"Potenza_Viale_Firenze","CO","mg/m³","05/02/2022","17","0.57","1"
"Potenza_Viale_Firenze","CO","mg/m³","05/02/2022","18","0.60","1"
"Potenza_Viale_Firenze","CO","mg/m³","05/02/2022","19","0.64","1"
"Potenza_Viale_Firenze","CO","mg/m³","05/02/2022","20","0.67","1"
"Potenza_Viale_Firenze","CO","mg/m³","05/02/2022","21","0.61","1"
"Potenza_Viale_Firenze","CO","mg/m³","05/02/2022","22","0.55","1"
"Potenza_Viale_Firenze","CO","mg/m³","05/02/2022","23","0.49","1"
"Potenza_Viale_Firenze","CO","mg/m³","05/02/2022","24","0.51","1"
"Potenza_Viale_Firenze","CO","mg/m³","06/02/2022","01","0.50","1"
"Potenza_Viale_Firenze","CO","mg/m³","06/02/2022","02","0.44","1"
"Potenza_Viale_Firenze","CO","mg/m³","06/02/2022","03","0.43","1"
"Potenza_Viale_Firenze","CO","mg/m³","06/02/2022","04","0.43","-1"
"Potenza_Viale_Firenze","CO","mg/m³","06/02/2022","05","0.42","1"
"Potenza_Viale_Firenze","CO","mg/m³","06/02/2022","06","0.38","1"
"Potenza_Viale_Firenze","CO","mg/m³","06/02/2022","07","0.39","1"
"Potenza_Viale_Firenze","CO","mg/m³","06/02/2022","08","0.56","1"
"Potenza_Viale_Firenze","CO","mg/m³","06/02/2022","09","0.55","1"
"Potenza_Viale_Firenze","CO","mg/m³","06/02/2022","10","0.56","1"
"Potenza_Viale_Firenze","CO","mg/m³","06/02/2022","11","0.58","1"
"Potenza_Viale_Firenze","CO","mg/m³","06/02/2022","12","0.58","1"
"Potenza_Viale_Firenze","CO","mg/m³","06/02/2022","13","0.48","1"
"Potenza_Viale_Firenze","CO","mg/m³","06/02/2022","14","0.55","1"
"Potenza_Viale_Firenze","CO","mg/m³","06/02/2022","15","0.46","1"
"Potenza_Viale_Firenze","CO","mg/m³","06/02/2022","16","0.49","1"
"Potenza_Viale_Firenze","CO","mg/m³","06/02/2022","17","0.50","1"
"Potenza_Viale_Firenze","CO","mg/m³","06/02/2022","18","0.59","1"
"Potenza_Viale_Firenze","CO","mg/m³","06/02/2022","19","0.58","1"
"Potenza_Viale_Firenze","CO","mg/m³","06/02/2022","20","0.55","1"
"Potenza_Viale_Firenze","CO","mg/m³","06/02/2022","21","0.53","1"
"Potenza_Viale_Firenze","CO","mg/m³","06/02/2022","22","0.44","1"
"Potenza_Viale_Firenze","CO","mg/m³","06/02/2022","23","0.41","1"
"Potenza_Viale_Firenze","CO","mg/m³","06/02/2022","24","0.37","1"
"Potenza_Viale_Firenze","CO","mg/m³","07/02/2022","01","0.36","1"
"Potenza_Viale_Firenze","CO","mg/m³","07/02/2022","02","0.35","1"
"Potenza_Viale_Firenze","CO","mg/m³","07/02/2022","03","0.34","-1"
"Potenza_Viale_Firenze","CO","mg/m³","07/02/2022","04","0.36","1"
"Potenza_Viale_Firenze","CO","mg/m³","07/02/2022","05","0.35","1"
"Potenza_Viale_Firenze","CO","mg/m³","07/02/2022","06","0.36","1"
"Potenza_Viale_Firenze","CO","mg/m³","07/02/2022","07","0.37","1"
"Potenza_Viale_Firenze","CO","mg/m³","07/02/2022","08","0.52","1"
"Potenza_Viale_Firenze","CO","mg/m³","07/02/2022","09","0.49","1"
"Potenza_Viale_Firenze","CO","mg/m³","07/02/2022","10","0.48","1"
"Potenza_Viale_Firenze","CO","mg/m³","07/02/2022","11","0.49","1"
"Potenza_Viale_Firenze","CO","mg/m³","07/02/2022","12","0.44","1"
"Potenza_Viale_Firenze","CO","mg/m³","07/02/2022","13","0.44","1"
"Potenza_Viale_Firenze","CO","mg/m³","07/02/2022","14","0.49","1"
"Potenza_Viale_Firenze","CO","mg/m³","07/02/2022","15","0.45","1"
"Potenza_Viale_Firenze","CO","mg/m³","07/02/2022","16","0.46","1"
"Potenza_Viale_Firenze","CO","mg/m³","07/02/2022","17","0.48","1"
"Potenza_Viale_Firenze","CO","mg/m³","07/02/2022","18","0.51","1"
"Potenza_Viale_Firenze","CO","mg/m³","07/02/2022","19","-9999","-1"
"Potenza_Viale_Firenze","CO","mg/m³","07/02/2022","20","-9999","-1"
"Potenza_Viale_Firenze","CO","mg/m³","07/02/2022","21","0.39","1"
"Potenza_Viale_Firenze","CO","mg/m³","07/02/2022","22","0.27","1"
"Potenza_Viale_Firenze","CO","mg/m³","07/02/2022","23","0.27","1"
"Potenza_Viale_Firenze","CO","mg/m³","07/02/2022","24","0.24","1"
"Potenza_Viale_Firenze","CO","mg/m³","08/02/2022","01","0.22","1"
"Potenza_Viale_Firenze","CO","mg/m³","08/02/2022","02","0.22","-1"
"Potenza_Viale_Firenze","CO","mg/m³","08/02/2022","03","0.22","1"
"Potenza_Viale_Firenze","CO","mg/m³","08/02/2022","04","0.22","1"
"Potenza_Viale_Firenze","CO","mg/m³","08/02/2022","05","0.23","1"
"Potenza_Viale_Firenze","CO","mg/m³","08/02/2022","06","0.24","1"
"Potenza_Viale_Firenze","CO","mg/m³","08/02/2022","07","0.27","1"
"Potenza_Viale_Firenze","CO","mg/m³","08/02/2022","08","0.37","1"
"Potenza_Viale_Firenze","CO","mg/m³","08/02/2022","09","0.40","1"
"Potenza_Viale_Firenze","CO","mg/m³","08/02/2022","10","0.39","1"
"Potenza_Viale_Firenze","CO","mg/m³","08/02/2022","11","0.34","1"
"Potenza_Viale_Firenze","CO","mg/m³","08/02/2022","12","0.37","1"
"Potenza_Viale_Firenze","CO","mg/m³","08/02/2022","13","0.37","1"
"Potenza_Viale_Firenze","CO","mg/m³","08/02/2022","14","0.35","1"
"Potenza_Viale_Firenze","CO","mg/m³","08/02/2022","15","0.32","1"
"Potenza_Viale_Firenze","CO","mg/m³","08/02/2022","16","0.32","1"
"Potenza_Viale_Firenze","CO","mg/m³","08/02/2022","17","0.34","1"
"Potenza_Viale_Firenze","CO","mg/m³","08/02/2022","18","0.39","1"
"Potenza_Viale_Firenze","CO","mg/m³","08/02/2022","19","0.37","1"
"Potenza_Viale_Firenze","CO","mg/m³","08/02/2022","20","0.43","1"
"Potenza_Viale_Firenze","CO","mg/m³","08/02/2022","21","0.61","1"
"Potenza_Viale_Firenze","CO","mg/m³","08/02/2022","22","0.62","1"
"Potenza_Viale_Firenze","CO","mg/m³","08/02/2022","23","0.68","1"
"Potenza_Viale_Firenze","CO","mg/m³","08/02/2022","24","0.65","1"
"Potenza_Viale_Firenze","CO","mg/m³","09/02/2022","01","0.55","-1"
"Potenza_Viale_Firenze","CO","mg/m³","09/02/2022","02","0.51","1"
"Potenza_Viale_Firenze","CO","mg/m³","09/02/2022","03","0.42","1"
"Potenza_Viale_Firenze","CO","mg/m³","09/02/2022","04","0.33","1"
"Potenza_Viale_Firenze","CO","mg/m³","09/02/2022","05","0.30","1"
"Potenza_Viale_Firenze","CO","mg/m³","09/02/2022","06","0.33","1"
"Potenza_Viale_Firenze","CO","mg/m³","09/02/2022","07","0.64","1"
"Potenza_Viale_Firenze","CO","mg/m³","09/02/2022","08","1.20","1"
"Potenza_Viale_Firenze","CO","mg/m³","09/02/2022","09","2.13","1"
"Potenza_Viale_Firenze","CO","mg/m³","09/02/2022","10","1.86","1"
"Potenza_Viale_Firenze","CO","mg/m³","09/02/2022","11","0.90","1"
"Potenza_Viale_Firenze","CO","mg/m³","09/02/2022","12","0.50","1"
"Potenza_Viale_Firenze","CO","mg/m³","09/02/2022","13","0.36","1"
"Potenza_Viale_Firenze","CO","mg/m³","09/02/2022","14","0.37","1"
"Potenza_Viale_Firenze","CO","mg/m³","09/02/2022","15","0.37","1"
"Potenza_Viale_Firenze","CO","mg/m³","09/02/2022","16","0.34","1"
"Potenza_Viale_Firenze","CO","mg/m³","09/02/2022","17","0.41","1"
"Potenza_Viale_Firenze","CO","mg/m³","09/02/2022","18","1.13","1"
"Potenza_Viale_Firenze","CO","mg/m³","09/02/2022","19","1.85","1"
"Potenza_Viale_Firenze","CO","mg/m³","09/02/2022","20","1.81","1"
"Potenza_Viale_Firenze","CO","mg/m³","09/02/2022","21","1.57","1"
"Potenza_Viale_Firenze","CO","mg/m³","09/02/2022","22","1.15","1"
"Potenza_Viale_Firenze","CO","mg/m³","09/02/2022","23","0.91","1"
"Potenza_Viale_Firenze","CO","mg/m³","09/02/2022","24","0.73","-1"
"Potenza_Viale_Firenze","CO","mg/m³","10/02/2022","01","0.63","1"
"Potenza_Viale_Firenze","CO","mg/m³","10/02/2022","02","0.47","1"
"Potenza_Viale_Firenze","CO","mg/m³","10/02/2022","03","0.39","1"
"Potenza_Viale_Firenze","CO","mg/m³","10/02/2022","04","0.37","1"
"Potenza_Viale_Firenze","CO","mg/m³","10/02/2022","05","0.34","1"
"Potenza_Viale_Firenze","CO","mg/m³","10/02/2022","06","0.37","1"
"Potenza_Viale_Firenze","CO","mg/m³","10/02/2022","07","0.57","1"
"Potenza_Viale_Firenze","CO","mg/m³","10/02/2022","08","1.19","1"
"Potenza_Viale_Firenze","CO","mg/m³","10/02/2022","09","1.88","1"
"Potenza_Viale_Firenze","CO","mg/m³","10/02/2022","10","1.21","1"
"Potenza_Viale_Firenze","CO","mg/m³","10/02/2022","11","0.71","1"
"Potenza_Viale_Firenze","CO","mg/m³","10/02/2022","12","0.53","1"
"Potenza_Viale_Firenze","CO","mg/m³","10/02/2022","13","0.44","1"
"Potenza_Viale_Firenze","CO","mg/m³","10/02/2022","14","0.44","1"
"Potenza_Viale_Firenze","CO","mg/m³","10/02/2022","15","0.45","1"
"Potenza_Viale_Firenze","CO","mg/m³","10/02/2022","16","0.44","1"
"Potenza_Viale_Firenze","CO","mg/m³","10/02/2022","17","0.45","1"
"Potenza_Viale_Firenze","CO","mg/m³","10/02/2022","18","0.55","1"
"Potenza_Viale_Firenze","CO","mg/m³","10/02/2022","19","1.30","1"
"Potenza_Viale_Firenze","CO","mg/m³","10/02/2022","20","1.31","1"
"Potenza_Viale_Firenze","CO","mg/m³","10/02/2022","21","1.29","1"
"Potenza_Viale_Firenze","CO","mg/m³","10/02/2022","22","1.01","1"
"Potenza_Viale_Firenze","CO","mg/m³","10/02/2022","23","0.71","-1"
"Potenza_Viale_Firenze","CO","mg/m³","10/02/2022","24","0.50","1"
"Potenza_Viale_Firenze","CO","mg/m³","11/02/2022","01","0.39","1"
"Potenza_Viale_Firenze","CO","mg/m³","11/02/2022","02","0.35","1"
"Potenza_Viale_Firenze","CO","mg/m³","11/02/2022","03","0.35","1"
"Potenza_Viale_Firenze","CO","mg/m³","11/02/2022","04","0.35","1"
"Potenza_Viale_Firenze","CO","mg/m³","11/02/2022","05","0.35","1"
"Potenza_Viale_Firenze","CO","mg/m³","11/02/2022","06","0.33","1"
"Potenza_Viale_Firenze","CO","mg/m³","11/02/2022","07","0.51","1"
"Potenza_Viale_Firenze","CO","mg/m³","11/02/2022","08","0.99","1"
"Potenza_Viale_Firenze","CO","mg/m³","11/02/2022","09","1.33","1"
"Potenza_Viale_Firenze","CO","mg/m³","11/02/2022","10","1.41","1"
"Potenza_Viale_Firenze","CO","mg/m³","11/02/2022","11","0.71","1"
"Potenza_Viale_Firenze","CO","mg/m³","11/02/2022","12","0.50","1"
"Potenza_Viale_Firenze","CO","mg/m³","11/02/2022","13","0.47","1"
"Potenza_Viale_Firenze","CO","mg/m³","11/02/2022","14","0.43","1"
"Potenza_Viale_Firenze","CO","mg/m³","11/02/2022","15","0.49","1"
"Potenza_Viale_Firenze","CO","mg/m³","11/02/2022","16","0.45","1"
"Potenza_Viale_Firenze","CO","mg/m³","11/02/2022","17","0.40","1"
"Potenza_Viale_Firenze","CO","mg/m³","11/02/2022","18","0.50","1"
"Potenza_Viale_Firenze","CO","mg/m³","11/02/2022","19","0.56","1"
"Potenza_Viale_Firenze","CO","mg/m³","11/02/2022","20","1.00","1"
"Potenza_Viale_Firenze","CO","mg/m³","11/02/2022","21","1.33","1"
"Potenza_Viale_Firenze","CO","mg/m³","11/02/2022","22","1.15","-1"
"Potenza_Viale_Firenze","CO","mg/m³","11/02/2022","23","1.06","1"
"Potenza_Viale_Firenze","CO","mg/m³","11/02/2022","24","0.94","1"
"Potenza_Viale_Firenze","CO","mg/m³","12/02/2022","01","0.90","1"
"Potenza_Viale_Firenze","CO","mg/m³","12/02/2022","02","0.88","1"
"Potenza_Viale_Firenze","CO","mg/m³","12/02/2022","03","0.79","1"
"Potenza_Viale_Firenze","CO","mg/m³","12/02/2022","04","0.52","1"
"Potenza_Viale_Firenze","CO","mg/m³","12/02/2022","05","0.46","1"
"Potenza_Viale_Firenze","CO","mg/m³","12/02/2022","06","0.44","1"
"Potenza_Viale_Firenze","CO","mg/m³","12/02/2022","07","0.81","1"
"Potenza_Viale_Firenze","CO","mg/m³","12/02/2022","08","1.13","1"
"Potenza_Viale_Firenze","CO","mg/m³","12/02/2022","09","1.05","1"
"Potenza_Viale_Firenze","CO","mg/m³","12/02/2022","10","0.87","1"
"Potenza_Viale_Firenze","CO","mg/m³","12/02/2022","11","0.58","1"
"Potenza_Viale_Firenze","CO","mg/m³","12/02/2022","12","0.52","1"
"Potenza_Viale_Firenze","CO","mg/m³","12/02/2022","13","0.53","1"
"Potenza_Viale_Firenze","CO","mg/m³","12/02/2022","14","0.47","1"
"Potenza_Viale_Firenze","CO","mg/m³","12/02/2022","15","0.38","1"
"Potenza_Viale_Firenze","CO","mg/m³","12/02/2022","16","0.35","1"
"Potenza_Viale_Firenze","CO","mg/m³","12/02/2022","17","0.41","1"
"Potenza_Viale_Firenze","CO","mg/m³","12/02/2022","18","0.45","1"
"Potenza_Viale_Firenze","CO","mg/m³","12/02/2022","19","0.47","1"
"Potenza_Viale_Firenze","CO","mg/m³","12/02/2022","20","0.49","1"
"Potenza_Viale_Firenze","CO","mg/m³","12/02/2022","21","0.48","-1"
"Potenza_Viale_Firenze","CO","mg/m³","12/02/2022","22","0.37","1"
"Potenza_Viale_Firenze","CO","mg/m³","12/02/2022","23","0.34","1"
"Potenza_Viale_Firenze","CO","mg/m³","12/02/2022","24","0.33","1"
"Potenza_Viale_Firenze","CO","mg/m³","13/02/2022","01","0.37","1"
"Potenza_Viale_Firenze","CO","mg/m³","13/02/2022","02","0.33","1"
"Potenza_Viale_Firenze","CO","mg/m³","13/02/2022","03","0.31","1"
"Potenza_Viale_Firenze","CO","mg/m³","13/02/2022","04","0.28","1"
"Potenza_Viale_Firenze","CO","mg/m³","13/02/2022","05","0.26","1"
"Potenza_Viale_Firenze","CO","mg/m³","13/02/2022","06","0.27","1"
"Potenza_Viale_Firenze","CO","mg/m³","13/02/2022","07","0.31","1"
"Potenza_Viale_Firenze","CO","mg/m³","13/02/2022","08","0.45","1"
"Potenza_Viale_Firenze","CO","mg/m³","13/02/2022","09","0.49","1"
"Potenza_Viale_Firenze","CO","mg/m³","13/02/2022","10","0.43","1"
"Potenza_Viale_Firenze","CO","mg/m³","13/02/2022","11","0.40","1"
"Potenza_Viale_Firenze","CO","mg/m³","13/02/2022","12","0.39","1"
"Potenza_Viale_Firenze","CO","mg/m³","13/02/2022","13","0.39","1"
"Potenza_Viale_Firenze","CO","mg/m³","13/02/2022","14","0.38","1"
"Potenza_Viale_Firenze","CO","mg/m³","13/02/2022","15","0.35","1"
"Potenza_Viale_Firenze","CO","mg/m³","13/02/2022","16","0.37","1"
"Potenza_Viale_Firenze","CO","mg/m³","13/02/2022","17","0.37","1"
"Potenza_Viale_Firenze","CO","mg/m³","13/02/2022","18","0.41","1"
"Potenza_Viale_Firenze","CO","mg/m³","13/02/2022","19","0.69","1"
"Potenza_Viale_Firenze","CO","mg/m³","13/02/2022","20","0.66","-1"
"Potenza_Viale_Firenze","CO","mg/m³","13/02/2022","21","0.76","1"
"Potenza_Viale_Firenze","CO","mg/m³","13/02/2022","22","0.82","1"
"Potenza_Viale_Firenze","CO","mg/m³","13/02/2022","23","0.91","1"
"Potenza_Viale_Firenze","CO","mg/m³","13/02/2022","24","0.97","1"
"Potenza_Viale_Firenze","CO","mg/m³","14/02/2022","01","0.83","1"
"Potenza_Viale_Firenze","CO","mg/m³","14/02/2022","02","0.66","1"
"Potenza_Viale_Firenze","CO","mg/m³","14/02/2022","03","0.48","1"
"Potenza_Viale_Firenze","CO","mg/m³","14/02/2022","04","0.44","1"
"Potenza_Viale_Firenze","CO","mg/m³","14/02/2022","05","0.35","1"
"Potenza_Viale_Firenze","CO","mg/m³","14/02/2022","06","0.32","1"
"Potenza_Viale_Firenze","CO","mg/m³","14/02/2022","07","0.48","1"
"Potenza_Viale_Firenze","CO","mg/m³","14/02/2022","08","0.59","1"
"Potenza_Viale_Firenze","CO","mg/m³","14/02/2022","09","0.46","1"
"Potenza_Viale_Firenze","CO","mg/m³","14/02/2022","10","0.42","1"
"Potenza_Viale_Firenze","CO","mg/m³","14/02/2022","11","0.40","1"
"Potenza_Viale_Firenze","CO","mg/m³","14/02/2022","12","0.42","1"
"Potenza_Viale_Firenze","CO","mg/m³","14/02/2022","13","0.53","1"
"Potenza_Viale_Firenze","CO","mg/m³","14/02/2022","14","0.56","1"
"Potenza_Viale_Firenze","CO","mg/m³","14/02/2022","15","0.44","1"
"Potenza_Viale_Firenze","CO","mg/m³","14/02/2022","16","0.40","1"
"Potenza_Viale_Firenze","CO","mg/m³","14/02/2022","17","0.41","1"
"Potenza_Viale_Firenze","CO","mg/m³","14/02/2022","18","0.47","1"
"Potenza_Viale_Firenze","CO","mg/m³","14/02/2022","19","0.50","-1"
"Potenza_Viale_Firenze","CO","mg/m³","14/02/2022","20","0.55","1"
"Potenza_Viale_Firenze","CO","mg/m³","14/02/2022","21","0.54","1"
"Potenza_Viale_Firenze","CO","mg/m³","14/02/2022","22","0.49","1"
"Potenza_Viale_Firenze","CO","mg/m³","14/02/2022","23","0.47","1"
"Potenza_Viale_Firenze","CO","mg/m³","14/02/2022","24","0.46","1"
"Potenza_Viale_Firenze","CO","mg/m³","15/02/2022","01","0.46","1"
"Potenza_Viale_Firenze","CO","mg/m³","15/02/2022","02","0.32","1"
"Potenza_Viale_Firenze","CO","mg/m³","15/02/2022","03","0.25","1"
"Potenza_Viale_Firenze","CO","mg/m³","15/02/2022","04","0.24","1"
"Potenza_Viale_Firenze","CO","mg/m³","15/02/2022","05","0.29","1"
"Potenza_Viale_Firenze","CO","mg/m³","15/02/2022","06","0.32","1"
"Potenza_Viale_Firenze","CO","mg/m³","15/02/2022","07","0.55","1"
"Potenza_Viale_Firenze","CO","mg/m³","15/02/2022","08","0.92","1"
"Potenza_Viale_Firenze","CO","mg/m³","15/02/2022","09","1.14","1"
"Potenza_Viale_Firenze","CO","mg/m³","15/02/2022","10","0.72","1"
"Potenza_Viale_Firenze","CO","mg/m³","15/02/2022","11","0.45","1"
"Potenza_Viale_Firenze","CO","mg/m³","15/02/2022","12","0.38","1"
"Potenza_Viale_Firenze","CO","mg/m³","15/02/2022","13","0.42","1"
"Potenza_Viale_Firenze","CO","mg/m³","15/02/2022","14","0.45","1"
"Potenza_Viale_Firenze","CO","mg/m³","15/02/2022","15","0.44","1"
"Potenza_Viale_Firenze","CO","mg/m³","15/02/2022","16","0.37","1"
"Potenza_Viale_Firenze","CO","mg/m³","15/02/2022","17","0.41","1"
"Potenza_Viale_Firenze","CO","mg/m³","15/02/2022","18","0.49","-1"
"Potenza_Viale_Firenze","CO","mg/m³","15/02/2022","19","0.57","1"
"Potenza_Viale_Firenze","CO","mg/m³","15/02/2022","20","0.52","1"
"Potenza_Viale_Firenze","CO","mg/m³","15/02/2022","21","0.43","1"
"Potenza_Viale_Firenze","CO","mg/m³","15/02/2022","22","0.41","1"
"Potenza_Viale_Firenze","CO","mg/m³","15/02/2022","23","0.37","1"
"Potenza_Viale_Firenze","CO","mg/m³","15/02/2022","24","0.32","1"
"Potenza_Viale_Firenze","CO","mg/m³","16/02/2022","01","0.27","1"
"Potenza_Viale_Firenze","CO","mg/m³","16/02/2022","02","0.25","1"
"Potenza_Viale_Firenze","CO","mg/m³","16/02/2022","03","0.25","1"
"Potenza_Viale_Firenze","CO","mg/m³","16/02/2022","04","0.25","1"
"Potenza_Viale_Firenze","CO","mg/m³","16/02/2022","05","0.26","1"
"Potenza_Viale_Firenze","CO","mg/m³","16/02/2022","06","0.28","1"
"Potenza_Viale_Firenze","CO","mg/m³","16/02/2022","07","0.33","1"
"Potenza_Viale_Firenze","CO","mg/m³","16/02/2022","08","0.65","1"
"Potenza_Viale_Firenze","CO","mg/m³","16/02/2022","09","0.62","1"
"Potenza_Viale_Firenze","CO","mg/m³","16/02/2022","10","0.50","1"
"Potenza_Viale_Firenze","CO","mg/m³","16/02/2022","11","0.47","1"
"Potenza_Viale_Firenze","CO","mg/m³","16/02/2022","12","0.36","1"
"Potenza_Viale_Firenze","CO","mg/m³","16/02/2022","13","0.37","1"
"Potenza_Viale_Firenze","CO","mg/m³","16/02/2022","14","0.41","1"
"Potenza_Viale_Firenze","CO","mg/m³","16/02/2022","15","0.43","1"
"Potenza_Viale_Firenze","CO","mg/m³","16/02/2022","16","0.45","1"
"Potenza_Viale_Firenze","CO","mg/m³","16/02/2022","17","0.45","-1"
"Potenza_Viale_Firenze","CO","mg/m³","16/02/2022","18","0.48","1"
"Potenza_Viale_Firenze","CO","mg/m³","16/02/2022","19","0.50","1"
"Potenza_Viale_Firenze","CO","mg/m³","16/02/2022","20","0.52","1"
"Potenza_Viale_Firenze","CO","mg/m³","16/02/2022","21","0.51","1"
"Potenza_Viale_Firenze","CO","mg/m³","16/02/2022","22","0.39","1"
"Potenza_Viale_Firenze","CO","mg/m³","16/02/2022","23","0.36","1"
"Potenza_Viale_Firenze","CO","mg/m³","16/02/2022","24","0.39","1"
"Potenza_Viale_Firenze","CO","mg/m³","17/02/2022","01","0.43","1"
"Potenza_Viale_Firenze","CO","mg/m³","17/02/2022","02","0.41","1"
"Potenza_Viale_Firenze","CO","mg/m³","17/02/2022","03","0.40","1"
"Potenza_Viale_Firenze","CO","mg/m³","17/02/2022","04","0.37","1"
"Potenza_Viale_Firenze","CO","mg/m³","17/02/2022","05","0.34","1"
"Potenza_Viale_Firenze","CO","mg/m³","17/02/2022","06","0.34","1"
"Potenza_Viale_Firenze","CO","mg/m³","17/02/2022","07","0.53","1"
"Potenza_Viale_Firenze","CO","mg/m³","17/02/2022","08","0.90","1"
"Potenza_Viale_Firenze","CO","mg/m³","17/02/2022","09","0.78","1"
"Potenza_Viale_Firenze","CO","mg/m³","17/02/2022","10","0.75","1"
"Potenza_Viale_Firenze","CO","mg/m³","17/02/2022","11","0.65","1"
"Potenza_Viale_Firenze","CO","mg/m³","17/02/2022","12","0.48","1"
"Potenza_Viale_Firenze","CO","mg/m³","17/02/2022","13","0.41","1"
"Potenza_Viale_Firenze","CO","mg/m³","17/02/2022","14","0.44","1"
"Potenza_Viale_Firenze","CO","mg/m³","17/02/2022","15","0.44","1"
"Potenza_Viale_Firenze","CO","mg/m³","17/02/2022","16","0.44","-1"
"Potenza_Viale_Firenze","CO","mg/m³","17/02/2022","17","0.46","1"
"Potenza_Viale_Firenze","CO","mg/m³","17/02/2022","18","0.54","1"
"Potenza_Viale_Firenze","CO","mg/m³","17/02/2022","19","0.62","1"
"Potenza_Viale_Firenze","CO","mg/m³","17/02/2022","20","0.60","1"
"Potenza_Viale_Firenze","CO","mg/m³","17/02/2022","21","0.59","1"
"Potenza_Viale_Firenze","CO","mg/m³","17/02/2022","22","0.46","1"
"Potenza_Viale_Firenze","CO","mg/m³","17/02/2022","23","0.41","1"
"Potenza_Viale_Firenze","CO","mg/m³","17/02/2022","24","0.40","1"
"Potenza_Viale_Firenze","CO","mg/m³","18/02/2022","01","0.40","1"
"Potenza_Viale_Firenze","CO","mg/m³","18/02/2022","02","0.35","1"
"Potenza_Viale_Firenze","CO","mg/m³","18/02/2022","03","0.31","1"
"Potenza_Viale_Firenze","CO","mg/m³","18/02/2022","04","0.31","1"
"Potenza_Viale_Firenze","CO","mg/m³","18/02/2022","05","0.31","1"
"Potenza_Viale_Firenze","CO","mg/m³","18/02/2022","06","0.38","1"
"Potenza_Viale_Firenze","CO","mg/m³","18/02/2022","07","0.56","1"
"Potenza_Viale_Firenze","CO","mg/m³","18/02/2022","08","1.08","1"
"Potenza_Viale_Firenze","CO","mg/m³","18/02/2022","09","1.08","1"
"Potenza_Viale_Firenze","CO","mg/m³","18/02/2022","10","0.63","1"
"Potenza_Viale_Firenze","CO","mg/m³","18/02/2022","11","0.53","1"
"Potenza_Viale_Firenze","CO","mg/m³","18/02/2022","12","0.46","1"
"Potenza_Viale_Firenze","CO","mg/m³","18/02/2022","13","0.44","1"
"Potenza_Viale_Firenze","CO","mg/m³","18/02/2022","14","0.47","1"
"Potenza_Viale_Firenze","CO","mg/m³","18/02/2022","15","0.46","-1"
"Potenza_Viale_Firenze","CO","mg/m³","18/02/2022","16","0.46","1"
"Potenza_Viale_Firenze","CO","mg/m³","18/02/2022","17","0.49","1"
"Potenza_Viale_Firenze","CO","mg/m³","18/02/2022","18","0.59","1"
"Potenza_Viale_Firenze","CO","mg/m³","18/02/2022","19","0.57","1"
"Potenza_Viale_Firenze","CO","mg/m³","18/02/2022","20","0.61","1"
"Potenza_Viale_Firenze","CO","mg/m³","18/02/2022","21","0.50","1"
"Potenza_Viale_Firenze","CO","mg/m³","18/02/2022","22","0.47","1"
"Potenza_Viale_Firenze","CO","mg/m³","18/02/2022","23","0.50","1"
"Potenza_Viale_Firenze","CO","mg/m³","18/02/2022","24","0.53","1"
"Potenza_Viale_Firenze","CO","mg/m³","19/02/2022","01","0.48","1"
"Potenza_Viale_Firenze","CO","mg/m³","19/02/2022","02","0.39","1"
"Potenza_Viale_Firenze","CO","mg/m³","19/02/2022","03","0.34","1"
"Potenza_Viale_Firenze","CO","mg/m³","19/02/2022","04","0.27","1"
"Potenza_Viale_Firenze","CO","mg/m³","19/02/2022","05","0.25","1"
"Potenza_Viale_Firenze","CO","mg/m³","19/02/2022","06","0.26","1"
"Potenza_Viale_Firenze","CO","mg/m³","19/02/2022","07","0.31","1"
"Potenza_Viale_Firenze","CO","mg/m³","19/02/2022","08","0.52","1"
"Potenza_Viale_Firenze","CO","mg/m³","19/02/2022","09","0.58","1"
"Potenza_Viale_Firenze","CO","mg/m³","19/02/2022","10","0.51","1"
"Potenza_Viale_Firenze","CO","mg/m³","19/02/2022","11","0.51","1"
"Potenza_Viale_Firenze","CO","mg/m³","19/02/2022","12","0.46","1"
"Potenza_Viale_Firenze","CO","mg/m³","19/02/2022","13","0.44","1"
"Potenza_Viale_Firenze","CO","mg/m³","19/02/2022","14","0.52","-1"
"Potenza_Viale_Firenze","CO","mg/m³","19/02/2022","15","0.42","1"
"Potenza_Viale_Firenze","CO","mg/m³","19/02/2022","16","0.37","1"
"Potenza_Viale_Firenze","CO","mg/m³","19/02/2022","17","0.38","1"
"Potenza_Viale_Firenze","CO","mg/m³","19/02/2022","18","0.47","1"
"Potenza_Viale_Firenze","CO","mg/m³","19/02/2022","19","0.56","1"
"Potenza_Viale_Firenze","CO","mg/m³","19/02/2022","20","0.82","1"
"Potenza_Viale_Firenze","CO","mg/m³","19/02/2022","21","1.26","1"
"Potenza_Viale_Firenze","CO","mg/m³","19/02/2022","22","1.20","1"
"Potenza_Viale_Firenze","CO","mg/m³","19/02/2022","23","0.99","1"
"Potenza_Viale_Firenze","CO","mg/m³","19/02/2022","24","0.86","1"
"Potenza_Viale_Firenze","CO","mg/m³","20/02/2022","01","0.70","1"
"Potenza_Viale_Firenze","CO","mg/m³","20/02/2022","02","0.54","1"
"Potenza_Viale_Firenze","CO","mg/m³","20/02/2022","03","0.39","1"
"Potenza_Viale_Firenze","CO","mg/m³","20/02/2022","04","0.35","1"
"Potenza_Viale_Firenze","CO","mg/m³","20/02/2022","05","0.32","1"
"Potenza_Viale_Firenze","CO","mg/m³","20/02/2022","06","0.28","1"
"Potenza_Viale_Firenze","CO","mg/m³","20/02/2022","07","0.31","1"
"Potenza_Viale_Firenze","CO","mg/m³","20/02/2022","08","0.37","1"
"Potenza_Viale_Firenze","CO","mg/m³","20/02/2022","09","0.35","1"
"Potenza_Viale_Firenze","CO","mg/m³","20/02/2022","10","0.35","1"
"Potenza_Viale_Firenze","CO","mg/m³","20/02/2022","11","0.34","1"
"Potenza_Viale_Firenze","CO","mg/m³","20/02/2022","12","0.35","1"
"Potenza_Viale_Firenze","CO","mg/m³","20/02/2022","13","0.37","-1"
"Potenza_Viale_Firenze","CO","mg/m³","20/02/2022","14","0.38","1"
"Potenza_Viale_Firenze","CO","mg/m³","20/02/2022","15","0.38","1"
"Potenza_Viale_Firenze","CO","mg/m³","20/02/2022","16","0.36","1"
"Potenza_Viale_Firenze","CO","mg/m³","20/02/2022","17","0.38","1"
"Potenza_Viale_Firenze","CO","mg/m³","20/02/2022","18","0.41","1"
"Potenza_Viale_Firenze","CO","mg/m³","20/02/2022","19","0.48","1"
"Potenza_Viale_Firenze","CO","mg/m³","20/02/2022","20","0.49","1"
"Potenza_Viale_Firenze","CO","mg/m³","20/02/2022","21","0.45","1"
"Potenza_Viale_Firenze","CO","mg/m³","20/02/2022","22","0.57","1"
"Potenza_Viale_Firenze","CO","mg/m³","20/02/2022","23","0.55","1"
"Potenza_Viale_Firenze","CO","mg/m³","20/02/2022","24","0.46","1"
"Potenza_Viale_Firenze","CO","mg/m³","21/02/2022","01","0.37","1"
"Potenza_Viale_Firenze","CO","mg/m³","21/02/2022","02","0.31","1"
"Potenza_Viale_Firenze","CO","mg/m³","21/02/2022","03","0.28","1"
"Potenza_Viale_Firenze","CO","mg/m³","21/02/2022","04","0.27","1"
"Potenza_Viale_Firenze","CO","mg/m³","21/02/2022","05","0.26","1"
"Potenza_Viale_Firenze","CO","mg/m³","21/02/2022","06","0.27","1"
"Potenza_Viale_Firenze","CO","mg/m³","21/02/2022","07","0.31","1"
"Potenza_Viale_Firenze","CO","mg/m³","21/02/2022","08","0.37","1"
"Potenza_Viale_Firenze","CO","mg/m³","21/02/2022","09","0.38","1"
"Potenza_Viale_Firenze","CO","mg/m³","21/02/2022","10","0.40","1"
"Potenza_Viale_Firenze","CO","mg/m³","21/02/2022","11","0.40","1"
"Potenza_Viale_Firenze","CO","mg/m³","21/02/2022","12","0.38","-1"
"Potenza_Viale_Firenze","CO","mg/m³","21/02/2022","13","0.38","1"
"Potenza_Viale_Firenze","CO","mg/m³","21/02/2022","14","0.45","1"
"Potenza_Viale_Firenze","CO","mg/m³","21/02/2022","15","0.41","1"
"Potenza_Viale_Firenze","CO","mg/m³","21/02/2022","16","0.35","1"
"Potenza_Viale_Firenze","CO","mg/m³","21/02/2022","17","0.43","1"
"Potenza_Viale_Firenze","CO","mg/m³","21/02/2022","18","0.45","1"
"Potenza_Viale_Firenze","CO","mg/m³","21/02/2022","19","0.42","1"
"Potenza_Viale_Firenze","CO","mg/m³","21/02/2022","20","0.48","1"
"Potenza_Viale_Firenze","CO","mg/m³","21/02/2022","21","0.42","1"
"Potenza_Viale_Firenze","CO","mg/m³","21/02/2022","22","0.34","1"
"Potenza_Viale_Firenze","CO","mg/m³","21/02/2022","23","0.28","1"
"Potenza_Viale_Firenze","CO","mg/m³","21/02/2022","24","0.24","1"
"Potenza_Viale_Firenze","CO","mg/m³","22/02/2022","01","0.24","1"
"Potenza_Viale_Firenze","CO","mg/m³","22/02/2022","02","0.24","1"
"Potenza_Viale_Firenze","CO","mg/m³","22/02/2022","03","0.23","1"
"Potenza_Viale_Firenze","CO","mg/m³","22/02/2022","04","0.23","1"
"Potenza_Viale_Firenze","CO","mg/m³","22/02/2022","05","0.23","1"
"Potenza_Viale_Firenze","CO","mg/m³","22/02/2022","06","0.25","1"
"Potenza_Viale_Firenze","CO","mg/m³","22/02/2022","07","0.32","1"
"Potenza_Viale_Firenze","CO","mg/m³","22/02/2022","08","0.37","1"
"Potenza_Viale_Firenze","CO","mg/m³","22/02/2022","09","0.36","1"
"Potenza_Viale_Firenze","CO","mg/m³","22/02/2022","10","0.42","1"
"Potenza_Viale_Firenze","CO","mg/m³","22/02/2022","11","0.39","-1"
"Potenza_Viale_Firenze","CO","mg/m³","22/02/2022","12","0.38","1"
"Potenza_Viale_Firenze","CO","mg/m³","22/02/2022","13","0.44","1"
"Potenza_Viale_Firenze","CO","mg/m³","22/02/2022","14","0.43","1"
"Potenza_Viale_Firenze","CO","mg/m³","22/02/2022","15","0.34","1"
"Potenza_Viale_Firenze","CO","mg/m³","22/02/2022","16","0.35","1"
"Potenza_Viale_Firenze","CO","mg/m³","22/02/2022","17","0.41","1"
"Potenza_Viale_Firenze","CO","mg/m³","22/02/2022","18","0.49","1"
"Potenza_Viale_Firenze","CO","mg/m³","22/02/2022","19","0.49","1"
"Potenza_Viale_Firenze","CO","mg/m³","22/02/2022","20","0.49","1"
"Potenza_Viale_Firenze","CO","mg/m³","22/02/2022","21","0.47","1"
"Potenza_Viale_Firenze","CO","mg/m³","22/02/2022","22","0.37","1"
"Potenza_Viale_Firenze","CO","mg/m³","22/02/2022","23","0.32","1"
"Potenza_Viale_Firenze","CO","mg/m³","22/02/2022","24","0.32","1"
"Potenza_Viale_Firenze","CO","mg/m³","23/02/2022","01","0.29","1"
"Potenza_Viale_Firenze","CO","mg/m³","23/02/2022","02","0.32","1"
"Potenza_Viale_Firenze","CO","mg/m³","23/02/2022","03","0.30","1"
"Potenza_Viale_Firenze","CO","mg/m³","23/02/2022","04","0.30","1"
"Potenza_Viale_Firenze","CO","mg/m³","23/02/2022","05","0.29","1"
"Potenza_Viale_Firenze","CO","mg/m³","23/02/2022","06","0.29","1"
"Potenza_Viale_Firenze","CO","mg/m³","23/02/2022","07","0.39","1"
"Potenza_Viale_Firenze","CO","mg/m³","23/02/2022","08","0.58","1"
"Potenza_Viale_Firenze","CO","mg/m³","23/02/2022","09","0.54","1"
"Potenza_Viale_Firenze","CO","mg/m³","23/02/2022","10","0.48","-1"
"Potenza_Viale_Firenze","CO","mg/m³","23/02/2022","11","0.46","1"
"Potenza_Viale_Firenze","CO","mg/m³","23/02/2022","12","0.42","1"
"Potenza_Viale_Firenze","CO","mg/m³","23/02/2022","13","0.42","1"
"Potenza_Viale_Firenze","CO","mg/m³","23/02/2022","14","0.45","1"
"Potenza_Viale_Firenze","CO","mg/m³","23/02/2022","15","0.42","1"
"Potenza_Viale_Firenze","CO","mg/m³","23/02/2022","16","0.39","1"
"Potenza_Viale_Firenze","CO","mg/m³","23/02/2022","17","0.41","1"
"Potenza_Viale_Firenze","CO","mg/m³","23/02/2022","18","0.47","1"
"Potenza_Viale_Firenze","CO","mg/m³","23/02/2022","19","0.49","1"
"Potenza_Viale_Firenze","CO","mg/m³","23/02/2022","20","0.54","1"
"Potenza_Viale_Firenze","CO","mg/m³","23/02/2022","21","0.54","1"
"Potenza_Viale_Firenze","CO","mg/m³","23/02/2022","22","0.44","1"
"Potenza_Viale_Firenze","CO","mg/m³","23/02/2022","23","0.51","1"
"Potenza_Viale_Firenze","CO","mg/m³","23/02/2022","24","0.52","1"
"Potenza_Viale_Firenze","CO","mg/m³","24/02/2022","01","0.52","1"
"Potenza_Viale_Firenze","CO","mg/m³","24/02/2022","02","0.44","1"
"Potenza_Viale_Firenze","CO","mg/m³","24/02/2022","03","0.40","1"
"Potenza_Viale_Firenze","CO","mg/m³","24/02/2022","04","0.35","1"
"Potenza_Viale_Firenze","CO","mg/m³","24/02/2022","05","0.34","1"
"Potenza_Viale_Firenze","CO","mg/m³","24/02/2022","06","0.39","1"
"Potenza_Viale_Firenze","CO","mg/m³","24/02/2022","07","0.50","1"
"Potenza_Viale_Firenze","CO","mg/m³","24/02/2022","08","1.02","1"
"Potenza_Viale_Firenze","CO","mg/m³","24/02/2022","09","1.58","-1"
"Potenza_Viale_Firenze","CO","mg/m³","24/02/2022","10","1.01","1"
"Potenza_Viale_Firenze","CO","mg/m³","24/02/2022","11","0.56","1"
"Potenza_Viale_Firenze","CO","mg/m³","24/02/2022","12","0.43","1"
"Potenza_Viale_Firenze","CO","mg/m³","24/02/2022","13","0.49","1"
"Potenza_Viale_Firenze","CO","mg/m³","24/02/2022","14","0.55","1"
"Potenza_Viale_Firenze","CO","mg/m³","24/02/2022","15","0.49","1"
"Potenza_Viale_Firenze","CO","mg/m³","24/02/2022","16","0.50","1"
"Potenza_Viale_Firenze","CO","mg/m³","24/02/2022","17","0.51","1"
"Potenza_Viale_Firenze","CO","mg/m³","24/02/2022","18","1.08","1"
"Potenza_Viale_Firenze","CO","mg/m³","24/02/2022","19","1.38","1"
"Potenza_Viale_Firenze","CO","mg/m³","24/02/2022","20","1.63","1"
"Potenza_Viale_Firenze","CO","mg/m³","24/02/2022","21","1.61","1"
"Potenza_Viale_Firenze","CO","mg/m³","24/02/2022","22","1.07","1"
"Potenza_Viale_Firenze","CO","mg/m³","24/02/2022","23","0.82","1"
"Potenza_Viale_Firenze","CO","mg/m³","24/02/2022","24","0.70","1"
"Potenza_Viale_Firenze","CO","mg/m³","25/02/2022","01","0.63","1"
"Potenza_Viale_Firenze","CO","mg/m³","25/02/2022","02","0.50","1"
"Potenza_Viale_Firenze","CO","mg/m³","25/02/2022","03","0.43","1"
"Potenza_Viale_Firenze","CO","mg/m³","25/02/2022","04","0.37","1"
"Potenza_Viale_Firenze","CO","mg/m³","25/02/2022","05","0.35","1"
"Potenza_Viale_Firenze","CO","mg/m³","25/02/2022","06","0.38","1"
"Potenza_Viale_Firenze","CO","mg/m³","25/02/2022","07","0.59","1"
"Potenza_Viale_Firenze","CO","mg/m³","25/02/2022","08","0.87","-1"
"Potenza_Viale_Firenze","CO","mg/m³","25/02/2022","09","0.99","1"
"Potenza_Viale_Firenze","CO","mg/m³","25/02/2022","10","0.64","1"
"Potenza_Viale_Firenze","CO","mg/m³","25/02/2022","11","0.56","1"
"Potenza_Viale_Firenze","CO","mg/m³","25/02/2022","12","0.47","1"
"Potenza_Viale_Firenze","CO","mg/m³","25/02/2022","13","0.46","1"
"Potenza_Viale_Firenze","CO","mg/m³","25/02/2022","14","0.49","1"
"Potenza_Viale_Firenze","CO","mg/m³","25/02/2022","15","0.47","1"
"Potenza_Viale_Firenze","CO","mg/m³","25/02/2022","16","0.48","1"
"Potenza_Viale_Firenze","CO","mg/m³","25/02/2022","17","0.52","1"
"Potenza_Viale_Firenze","CO","mg/m³","25/02/2022","18","0.52","1"
"Potenza_Viale_Firenze","CO","mg/m³","25/02/2022","19","0.56","1"
"Potenza_Viale_Firenze","CO","mg/m³","25/02/2022","20","0.64","1"
"Potenza_Viale_Firenze","CO","mg/m³","25/02/2022","21","0.77","1"
"Potenza_Viale_Firenze","CO","mg/m³","25/02/2022","22","0.68","1"
"Potenza_Viale_Firenze","CO","mg/m³","25/02/2022","23","0.64","1"
"Potenza_Viale_Firenze","CO","mg/m³","25/02/2022","24","0.46","1"
"Potenza_Viale_Firenze","CO","mg/m³","26/02/2022","01","0.42","1"
"Potenza_Viale_Firenze","CO","mg/m³","26/02/2022","02","0.42","1"
"Potenza_Viale_Firenze","CO","mg/m³","26/02/2022","03","0.39","1"
"Potenza_Viale_Firenze","CO","mg/m³","26/02/2022","04","0.36","1"
"Potenza_Viale_Firenze","CO","mg/m³","26/02/2022","05","0.36","1"
"Potenza_Viale_Firenze","CO","mg/m³","26/02/2022","06","0.34","1"
"Potenza_Viale_Firenze","CO","mg/m³","26/02/2022","07","0.71","-1"
"Potenza_Viale_Firenze","CO","mg/m³","26/02/2022","08","0.82","1"
"Potenza_Viale_Firenze","CO","mg/m³","26/02/2022","09","0.74","1"
"Potenza_Viale_Firenze","CO","mg/m³","26/02/2022","10","0.59","1"
"Potenza_Viale_Firenze","CO","mg/m³","26/02/2022","11","0.55","1"
"Potenza_Viale_Firenze","CO","mg/m³","26/02/2022","12","0.58","1"
"Potenza_Viale_Firenze","CO","mg/m³","26/02/2022","13","0.57","1"
"Potenza_Viale_Firenze","CO","mg/m³","26/02/2022","14","0.54","1"
"Potenza_Viale_Firenze","CO","mg/m³","26/02/2022","15","0.44","1"
"Potenza_Viale_Firenze","CO","mg/m³","26/02/2022","16","0.44","1"
"Potenza_Viale_Firenze","CO","mg/m³","26/02/2022","17","0.47","1"
"Potenza_Viale_Firenze","CO","mg/m³","26/02/2022","18","0.44","1"
"Potenza_Viale_Firenze","CO","mg/m³","26/02/2022","19","0.57","1"
"Potenza_Viale_Firenze","CO","mg/m³","26/02/2022","20","0.66","1"
"Potenza_Viale_Firenze","CO","mg/m³","26/02/2022","21","0.83","1"
"Potenza_Viale_Firenze","CO","mg/m³","26/02/2022","22","0.80","1"
"Potenza_Viale_Firenze","CO","mg/m³","26/02/2022","23","0.79","1"
"Potenza_Viale_Firenze","CO","mg/m³","26/02/2022","24","0.65","1"
"Potenza_Viale_Firenze","CO","mg/m³","27/02/2022","01","0.56","1"
"Potenza_Viale_Firenze","CO","mg/m³","27/02/2022","02","0.45","1"
"Potenza_Viale_Firenze","CO","mg/m³","27/02/2022","03","0.39","1"
"Potenza_Viale_Firenze","CO","mg/m³","27/02/2022","04","0.34","1"
"Potenza_Viale_Firenze","CO","mg/m³","27/02/2022","05","0.31","1"
"Potenza_Viale_Firenze","CO","mg/m³","27/02/2022","06","0.29","-1"
"Potenza_Viale_Firenze","CO","mg/m³","27/02/2022","07","0.34","1"
"Potenza_Viale_Firenze","CO","mg/m³","27/02/2022","08","0.33","1"
"Potenza_Viale_Firenze","CO","mg/m³","27/02/2022","09","0.32","1"
"Potenza_Viale_Firenze","CO","mg/m³","27/02/2022","10","0.33","1"
"Potenza_Viale_Firenze","CO","mg/m³","27/02/2022","11","0.38","1"
"Potenza_Viale_Firenze","CO","mg/m³","27/02/2022","12","0.39","1"
"Potenza_Viale_Firenze","CO","mg/m³","27/02/2022","13","0.39","1"
"Potenza_Viale_Firenze","CO","mg/m³","27/02/2022","14","0.41","1"
"Potenza_Viale_Firenze","CO","mg/m³","27/02/2022","15","0.39","1"
"Potenza_Viale_Firenze","CO","mg/m³","27/02/2022","16","0.40","1"
"Potenza_Viale_Firenze","CO","mg/m³","27/02/2022","17","0.44","1"
"Potenza_Viale_Firenze","CO","mg/m³","27/02/2022","18","0.47","1"
"Potenza_Viale_Firenze","CO","mg/m³","27/02/2022","19","0.54","1"
"Potenza_Viale_Firenze","CO","mg/m³","27/02/2022","20","0.51","1"
"Potenza_Viale_Firenze","CO","mg/m³","27/02/2022","21","0.49","1"
"Potenza_Viale_Firenze","CO","mg/m³","27/02/2022","22","0.50","1"
"Potenza_Viale_Firenze","CO","mg/m³","27/02/2022","23","0.61","1"
"Potenza_Viale_Firenze","CO","mg/m³","27/02/2022","24","0.68","1"
"Potenza_Viale_Firenze","CO","mg/m³","28/02/2022","01","0.69","1"
"Potenza_Viale_Firenze","CO","mg/m³","28/02/2022","02","0.67","1"
"Potenza_Viale_Firenze","CO","mg/m³","28/02/2022","03","0.46","1"
"Potenza_Viale_Firenze","CO","mg/m³","28/02/2022","04","0.37","1"
"Potenza_Viale_Firenze","CO","mg/m³","28/02/2022","05","0.35","-1"
"Potenza_Viale_Firenze","CO","mg/m³","28/02/2022","06","0.35","1"
"Potenza_Viale_Firenze","CO","mg/m³","28/02/2022","07","0.37","1"
"Potenza_Viale_Firenze","CO","mg/m³","28/02/2022","08","0.48","1"
"Potenza_Viale_Firenze","CO","mg/m³","28/02/2022","09","0.56","1"
"Potenza_Viale_Firenze","CO","mg/m³","28/02/2022","10","0.55","1"
"Potenza_Viale_Firenze","CO","mg/m³","28/02/2022","11","0.51","1"
"Potenza_Viale_Firenze","CO","mg/m³","28/02/2022","12","0.51","1"
"Potenza_Viale_Firenze","CO","mg/m³","28/02/2022","13","0.53","1"
"Potenza_Viale_Firenze","CO","mg/m³","28/02/2022","14","0.52","1"
"Potenza_Viale_Firenze","CO","mg/m³","28/02/2022","15","0.43","1"
"Potenza_Viale_Firenze","CO","mg/m³","28/02/2022","16","0.48","1"
"Potenza_Viale_Firenze","CO","mg/m³","28/02/2022","17","0.54","1"
"Potenza_Viale_Firenze","CO","mg/m³","28/02/2022","18","0.56","1"
"Potenza_Viale_Firenze","CO","mg/m³","28/02/2022","19","0.64","1"
"Potenza_Viale_Firenze","CO","mg/m³","28/02/2022","20","0.58","1"
"Potenza_Viale_Firenze","CO","mg/m³","28/02/2022","21","0.58","1"
"Potenza_Viale_Firenze","CO","mg/m³","28/02/2022","22","0.51","1"
"Potenza_Viale_Firenze","CO","mg/m³","28/02/2022","23","0.40","1"
"Potenza_Viale_Firenze","CO","mg/m³","28/02/2022","24","0.38","1"
"Potenza_Viale_Firenze","CO","mg/m³","01/03/2022","01","0.36","1"
"Potenza_Viale_Firenze","CO","mg/m³","01/03/2022","02","0.35","1"
"Potenza_Viale_Firenze","CO","mg/m³","01/03/2022","03","0.35","1"
"Potenza_Viale_Firenze","CO","mg/m³","01/03/2022","04","0.36","-1"
"Potenza_Viale_Firenze","CO","mg/m³","01/03/2022","05","0.36","1"
"Potenza_Viale_Firenze","CO","mg/m³","01/03/2022","06","0.38","1"
"Potenza_Viale_Firenze","CO","mg/m³","01/03/2022","07","0.41","1"
"Potenza_Viale_Firenze","CO","mg/m³","01/03/2022","08","0.45","1"
"Potenza_Viale_Firenze","CO","mg/m³","01/03/2022","09","0.58","1"
"Potenza_Viale_Firenze","CO","mg/m³","01/03/2022","10","0.59","1"
"Potenza_Viale_Firenze","CO","mg/m³","01/03/2022","11","0.56","1"
"Potenza_Viale_Firenze","CO","mg/m³","01/03/2022","12","0.55","1"
"Potenza_Viale_Firenze","CO","mg/m³","01/03/2022","13","0.51","1"
"Potenza_Viale_Firenze","CO","mg/m³","01/03/2022","14","0.57","1"
"Potenza_Viale_Firenze","CO","mg/m³","01/03/2022","15","0.55","1"
"Potenza_Viale_Firenze","CO","mg/m³","01/03/2022","16","0.51","1"
"Potenza_Viale_Firenze","CO","mg/m³","01/03/2022","17","0.65","1"
"Potenza_Viale_Firenze","CO","mg/m³","01/03/2022","18","0.60","1"
"Potenza_Viale_Firenze","CO","mg/m³","01/03/2022","19","0.60","1"
"Potenza_Viale_Firenze","CO","mg/m³","01/03/2022","20","0.55","1"
"Potenza_Viale_Firenze","CO","mg/m³","01/03/2022","21","0.53","1"
"Potenza_Viale_Firenze","CO","mg/m³","01/03/2022","22","0.45","1"
"Potenza_Viale_Firenze","CO","mg/m³","01/03/2022","23","0.42","1"
"Potenza_Viale_Firenze","CO","mg/m³","01/03/2022","24","0.39","1"
"Potenza_Viale_Firenze","CO","mg/m³","02/03/2022","01","0.36","1"
"Potenza_Viale_Firenze","CO","mg/m³","02/03/2022","02","0.36","1"
"Potenza_Viale_Firenze","CO","mg/m³","02/03/2022","03","0.35","-1"
"Potenza_Viale_Firenze","CO","mg/m³","02/03/2022","04","0.35","1"
"Potenza_Viale_Firenze","CO","mg/m³","02/03/2022","05","0.36","1"
"Potenza_Viale_Firenze","CO","mg/m³","02/03/2022","06","0.37","1"
"Potenza_Viale_Firenze","CO","mg/m³","02/03/2022","07","0.51","1"
"Potenza_Viale_Firenze","CO","mg/m³","02/03/2022","08","0.51","1"
"Potenza_Viale_Firenze","CO","mg/m³","02/03/2022","09","0.59","1"
"Potenza_Viale_Firenze","CO","mg/m³","02/03/2022","10","0.59","1"
"Potenza_Viale_Firenze","CO","mg/m³","02/03/2022","11","0.51","1"
"Potenza_Viale_Firenze","CO","mg/m³","02/03/2022","12","0.53","1"
"Potenza_Viale_Firenze","CO","mg/m³","02/03/2022","13","0.51","1"
"Potenza_Viale_Firenze","CO","mg/m³","02/03/2022","14","0.50","1"
"Potenza_Viale_Firenze","CO","mg/m³","02/03/2022","15","0.47","1"
"Potenza_Viale_Firenze","CO","mg/m³","02/03/2022","16","0.46","1"
"Potenza_Viale_Firenze","CO","mg/m³","02/03/2022","17","0.52","1"
"Potenza_Viale_Firenze","CO","mg/m³","02/03/2022","18","0.57","1"
"Potenza_Viale_Firenze","CO","mg/m³","02/03/2022","19","0.49","1"
"Potenza_Viale_Firenze","CO","mg/m³","02/03/2022","20","0.74","1"
"Potenza_Viale_Firenze","CO","mg/m³","02/03/2022","21","1.30","1"
"Potenza_Viale_Firenze","CO","mg/m³","02/03/2022","22","1.21","1"
"Potenza_Viale_Firenze","CO","mg/m³","02/03/2022","23","0.93","1"
"Potenza_Viale_Firenze","CO","mg/m³","02/03/2022","24","0.84","1"
"Potenza_Viale_Firenze","CO","mg/m³","03/03/2022","01","0.72","1"
"Potenza_Viale_Firenze","CO","mg/m³","03/03/2022","02","0.52","-1"
"Potenza_Viale_Firenze","CO","mg/m³","03/03/2022","03","0.51","1"
"Potenza_Viale_Firenze","CO","mg/m³","03/03/2022","04","0.49","1"
"Potenza_Viale_Firenze","CO","mg/m³","03/03/2022","05","0.46","1"
"Potenza_Viale_Firenze","CO","mg/m³","03/03/2022","06","0.48","1"
"Potenza_Viale_Firenze","CO","mg/m³","03/03/2022","07","0.70","1"
"Potenza_Viale_Firenze","CO","mg/m³","03/03/2022","08","1.27","1"
"Potenza_Viale_Firenze","CO","mg/m³","03/03/2022","09","1.00","1"
"Potenza_Viale_Firenze","CO","mg/m³","03/03/2022","10","0.73","1"
"Potenza_Viale_Firenze","CO","mg/m³","03/03/2022","11","0.55","1"
"Potenza_Viale_Firenze","CO","mg/m³","03/03/2022","12","0.50","1"
"Potenza_Viale_Firenze","CO","mg/m³","03/03/2022","13","0.52","1"
"Potenza_Viale_Firenze","CO","mg/m³","03/03/2022","14","0.52","1"
"Potenza_Viale_Firenze","CO","mg/m³","03/03/2022","15","0.54","1"
"Potenza_Viale_Firenze","CO","mg/m³","03/03/2022","16","0.50","1"
"Potenza_Viale_Firenze","CO","mg/m³","03/03/2022","17","0.54","1"
"Potenza_Viale_Firenze","CO","mg/m³","03/03/2022","18","0.66","1"
"Potenza_Viale_Firenze","CO","mg/m³","03/03/2022","19","0.88","1"
"Potenza_Viale_Firenze","CO","mg/m³","03/03/2022","20","0.88","1"
"Potenza_Viale_Firenze","CO","mg/m³","03/03/2022","21","0.96","1"
"Potenza_Viale_Firenze","CO","mg/m³","03/03/2022","22","1.02","1"
"Potenza_Viale_Firenze","CO","mg/m³","03/03/2022","23","0.91","1"
"Potenza_Viale_Firenze","CO","mg/m³","03/03/2022","24","0.79","1"
"Potenza_Viale_Firenze","CO","mg/m³","04/03/2022","01","0.83","-1"
"Potenza_Viale_Firenze","CO","mg/m³","04/03/2022","02","0.65","1"
"Potenza_Viale_Firenze","CO","mg/m³","04/03/2022","03","0.56","1"
"Potenza_Viale_Firenze","CO","mg/m³","04/03/2022","04","0.48","1"
"Potenza_Viale_Firenze","CO","mg/m³","04/03/2022","05","0.48","1"
"Potenza_Viale_Firenze","CO","mg/m³","04/03/2022","06","0.49","1"
"Potenza_Viale_Firenze","CO","mg/m³","04/03/2022","07","0.59","1"
"Potenza_Viale_Firenze","CO","mg/m³","04/03/2022","08","0.93","1"
"Potenza_Viale_Firenze","CO","mg/m³","04/03/2022","09","1.08","1"
"Potenza_Viale_Firenze","CO","mg/m³","04/03/2022","10","0.72","1"
"Potenza_Viale_Firenze","CO","mg/m³","04/03/2022","11","0.56","1"
"Potenza_Viale_Firenze","CO","mg/m³","04/03/2022","12","0.57","1"
"Potenza_Viale_Firenze","CO","mg/m³","04/03/2022","13","0.57","1"
"Potenza_Viale_Firenze","CO","mg/m³","04/03/2022","14","0.59","1"
"Potenza_Viale_Firenze","CO","mg/m³","04/03/2022","15","0.60","1"
"Potenza_Viale_Firenze","CO","mg/m³","04/03/2022","16","0.55","1"
"Potenza_Viale_Firenze","CO","mg/m³","04/03/2022","17","0.59","1"
"Potenza_Viale_Firenze","CO","mg/m³","04/03/2022","18","0.72","1"
"Potenza_Viale_Firenze","CO","mg/m³","04/03/2022","19","0.71","1"
"Potenza_Viale_Firenze","CO","mg/m³","04/03/2022","20","0.66","1"
"Potenza_Viale_Firenze","CO","mg/m³","04/03/2022","21","0.84","1"
"Potenza_Viale_Firenze","CO","mg/m³","04/03/2022","22","0.90","1"
"Potenza_Viale_Firenze","CO","mg/m³","04/03/2022","23","0.78","1"
"Potenza_Viale_Firenze","CO","mg/m³","04/03/2022","24","0.78","-1"
"Potenza_Viale_Firenze","CO","mg/m³","05/03/2022","01","0.85","1"
"Potenza_Viale_Firenze","CO","mg/m³","05/03/2022","02","0.85","1"
"Potenza_Viale_Firenze","CO","mg/m³","05/03/2022","03","0.60","1"
"Potenza_Viale_Firenze","CO","mg/m³","05/03/2022","04","0.45","1"
"Potenza_Viale_Firenze","CO","mg/m³","05/03/2022","05","0.40","1"
"Potenza_Viale_Firenze","CO","mg/m³","05/03/2022","06","0.39","1"
"Potenza_Viale_Firenze","CO","mg/m³","05/03/2022","07","0.42","1"
"Potenza_Viale_Firenze","CO","mg/m³","05/03/2022","08","0.49","1"
"Potenza_Viale_Firenze","CO","mg/m³","05/03/2022","09","0.64","1"
"Potenza_Viale_Firenze","CO","mg/m³","05/03/2022","10","0.60","1"
"Potenza_Viale_Firenze","CO","mg/m³","05/03/2022","11","0.56","1"
"Potenza_Viale_Firenze","CO","mg/m³","05/03/2022","12","0.55","1"
"Potenza_Viale_Firenze","CO","mg/m³","05/03/2022","13","0.57","1"
"Potenza_Viale_Firenze","CO","mg/m³","05/03/2022","14","0.60","1"
"Potenza_Viale_Firenze","CO","mg/m³","05/03/2022","15","0.52","1"
"Potenza_Viale_Firenze","CO","mg/m³","05/03/2022","16","0.49","1"
"Potenza_Viale_Firenze","CO","mg/m³","05/03/2022","17","0.49","1"
"Potenza_Viale_Firenze","CO","mg/m³","05/03/2022","18","0.59","1"
"Potenza_Viale_Firenze","CO","mg/m³","05/03/2022","19","0.56","1"
"Potenza_Viale_Firenze","CO","mg/m³","05/03/2022","20","0.54","1"
"Potenza_Viale_Firenze","CO","mg/m³","05/03/2022","21","0.57","1"
"Potenza_Viale_Firenze","CO","mg/m³","05/03/2022","22","0.51","1"
"Potenza_Viale_Firenze","CO","mg/m³","05/03/2022","23","0.46","-1"
"Potenza_Viale_Firenze","CO","mg/m³","05/03/2022","24","0.44","1"
"Potenza_Viale_Firenze","CO","mg/m³","06/03/2022","01","0.43","1"
"Potenza_Viale_Firenze","CO","mg/m³","06/03/2022","02","0.41","1"
"Potenza_Viale_Firenze","CO","mg/m³","06/03/2022","03","0.41","1"
"Potenza_Viale_Firenze","CO","mg/m³","06/03/2022","04","0.41","1"
"Potenza_Viale_Firenze","CO","mg/m³","06/03/2022","05","0.42","1"
"Potenza_Viale_Firenze","CO","mg/m³","06/03/2022","06","0.41","1"
"Potenza_Viale_Firenze","CO","mg/m³","06/03/2022","07","0.41","1"
"Potenza_Viale_Firenze","CO","mg/m³","06/03/2022","08","0.43","1"
"Potenza_Viale_Firenze","CO","mg/m³","06/03/2022","09","0.42","1"
"Potenza_Viale_Firenze","CO","mg/m³","06/03/2022","10","0.43","1"
"Potenza_Viale_Firenze","CO","mg/m³","06/03/2022","11","0.43","1"
"Potenza_Viale_Firenze","CO","mg/m³","06/03/2022","12","0.45","1"
"Potenza_Viale_Firenze","CO","mg/m³","06/03/2022","13","0.47","1"
"Potenza_Viale_Firenze","CO","mg/m³","06/03/2022","14","0.46","1"
"Potenza_Viale_Firenze","CO","mg/m³","06/03/2022","15","0.44","1"
"Potenza_Viale_Firenze","CO","mg/m³","06/03/2022","16","0.45","1"
"Potenza_Viale_Firenze","CO","mg/m³","06/03/2022","17","0.49","1"
"Potenza_Viale_Firenze","CO","mg/m³","06/03/2022","18","0.62","1"
"Potenza_Viale_Firenze","CO","mg/m³","06/03/2022","19","0.69","1"
"Potenza_Viale_Firenze","CO","mg/m³","06/03/2022","20","0.65","1"
"Potenza_Viale_Firenze","CO","mg/m³","06/03/2022","21","0.65","1"
"Potenza_Viale_Firenze","CO","mg/m³","06/03/2022","22","0.64","-1"
"Potenza_Viale_Firenze","CO","mg/m³","06/03/2022","23","0.57","1"
"Potenza_Viale_Firenze","CO","mg/m³","06/03/2022","24","0.59","1"
"Potenza_Viale_Firenze","CO","mg/m³","07/03/2022","01","0.53","1"
"Potenza_Viale_Firenze","CO","mg/m³","07/03/2022","02","0.52","1"
"Potenza_Viale_Firenze","CO","mg/m³","07/03/2022","03","0.47","1"
"Potenza_Viale_Firenze","CO","mg/m³","07/03/2022","04","0.45","1"
"Potenza_Viale_Firenze","CO","mg/m³","07/03/2022","05","0.42","1"
"Potenza_Viale_Firenze","CO","mg/m³","07/03/2022","06","0.42","1"
"Potenza_Viale_Firenze","CO","mg/m³","07/03/2022","07","0.44","1"
"Potenza_Viale_Firenze","CO","mg/m³","07/03/2022","08","0.66","1"
"Potenza_Viale_Firenze","CO","mg/m³","07/03/2022","09","0.68","1"
"Potenza_Viale_Firenze","CO","mg/m³","07/03/2022","10","0.68","1"
"Potenza_Viale_Firenze","CO","mg/m³","07/03/2022","11","0.57","1"
"Potenza_Viale_Firenze","CO","mg/m³","07/03/2022","12","0.66","1"
"Potenza_Viale_Firenze","CO","mg/m³","07/03/2022","13","0.56","1"
"Potenza_Viale_Firenze","CO","mg/m³","07/03/2022","14","0.54","1"
"Potenza_Viale_Firenze","CO","mg/m³","07/03/2022","15","0.50","1"
"Potenza_Viale_Firenze","CO","mg/m³","07/03/2022","16","0.49","1"
"Potenza_Viale_Firenze","CO","mg/m³","07/03/2022","17","0.51","1"
"Potenza_Viale_Firenze","CO","mg/m³","07/03/2022","18","0.62","1"
"Potenza_Viale_Firenze","CO","mg/m³","07/03/2022","19","0.67","1"
"Potenza_Viale_Firenze","CO","mg/m³","07/03/2022","20","0.69","1"
"Potenza_Viale_Firenze","CO","mg/m³","07/03/2022","21","0.59","-1"
"Potenza_Viale_Firenze","CO","mg/m³","07/03/2022","22","0.55","1"
"Potenza_Viale_Firenze","CO","mg/m³","07/03/2022","23","0.51","1"
"Potenza_Viale_Firenze","CO","mg/m³","07/03/2022","24","0.47","1"
"Potenza_Viale_Firenze","CO","mg/m³","08/03/2022","01","0.46","1"
"Potenza_Viale_Firenze","CO","mg/m³","08/03/2022","02","0.44","1"
"Potenza_Viale_Firenze","CO","mg/m³","08/03/2022","03","0.42","1"
"Potenza_Viale_Firenze","CO","mg/m³","08/03/2022","04","0.40","1"
"Potenza_Viale_Firenze","CO","mg/m³","08/03/2022","05","0.40","1"
"Potenza_Viale_Firenze","CO","mg/m³","08/03/2022","06","0.43","1"
"Potenza_Viale_Firenze","CO","mg/m³","08/03/2022","07","0.46","1"
"Potenza_Viale_Firenze","CO","mg/m³","08/03/2022","08","0.57","1"
"Potenza_Viale_Firenze","CO","mg/m³","08/03/2022","09","0.67","1"
"Potenza_Viale_Firenze","CO","mg/m³","08/03/2022","10","0.57","1"
"Potenza_Viale_Firenze","CO","mg/m³","08/03/2022","11","0.49","1"
"Potenza_Viale_Firenze","CO","mg/m³","08/03/2022","12","0.47","1"
"Potenza_Viale_Firenze","CO","mg/m³","08/03/2022","13","0.54","1"
"Potenza_Viale_Firenze","CO","mg/m³","08/03/2022","14","0.55","1"
"Potenza_Viale_Firenze","CO","mg/m³","08/03/2022","15","0.51","1"
"Potenza_Viale_Firenze","CO","mg/m³","08/03/2022","16","0.50","1"
"Potenza_Viale_Firenze","CO","mg/m³","08/03/2022","17","0.56","1"
"Potenza_Viale_Firenze","CO","mg/m³","08/03/2022","18","0.59","1"
"Potenza_Viale_Firenze","CO","mg/m³","08/03/2022","19","0.61","1"
"Potenza_Viale_Firenze","CO","mg/m³","08/03/2022","20","0.64","-1"
"Potenza_Viale_Firenze","CO","mg/m³","08/03/2022","21","0.63","1"
"Potenza_Viale_Firenze","CO","mg/m³","08/03/2022","22","0.54","1"
"Potenza_Viale_Firenze","CO","mg/m³","08/03/2022","23","0.51","1"
"Potenza_Viale_Firenze","CO","mg/m³","08/03/2022","24","0.49","1"
"Potenza_Viale_Firenze","CO","mg/m³","09/03/2022","01","0.59","1"
"Potenza_Viale_Firenze","CO","mg/m³","09/03/2022","02","0.61","1"
"Potenza_Viale_Firenze","CO","mg/m³","09/03/2022","03","0.49","1"
"Potenza_Viale_Firenze","CO","mg/m³","09/03/2022","04","0.41","1"
"Potenza_Viale_Firenze","CO","mg/m³","09/03/2022","05","0.43","1"
"Potenza_Viale_Firenze","CO","mg/m³","09/03/2022","06","0.51","1"
"Potenza_Viale_Firenze","CO","mg/m³","09/03/2022","07","0.77","1"
"Potenza_Viale_Firenze","CO","mg/m³","09/03/2022","08","0.86","1"
"Potenza_Viale_Firenze","CO","mg/m³","09/03/2022","09","0.67","1"
"Potenza_Viale_Firenze","CO","mg/m³","09/03/2022","10","0.59","1"
"Potenza_Viale_Firenze","CO","mg/m³","09/03/2022","11","0.57","1"
"Potenza_Viale_Firenze","CO","mg/m³","09/03/2022","12","0.56","1"
"Potenza_Viale_Firenze","CO","mg/m³","09/03/2022","13","0.53","1"
"Potenza_Viale_Firenze","CO","mg/m³","09/03/2022","14","0.56","1"
"Potenza_Viale_Firenze","CO","mg/m³","09/03/2022","15","0.50","1"
"Potenza_Viale_Firenze","CO","mg/m³","09/03/2022","16","0.48","1"
"Potenza_Viale_Firenze","CO","mg/m³","09/03/2022","17","0.50","1"
"Potenza_Viale_Firenze","CO","mg/m³","09/03/2022","18","0.52","1"
"Potenza_Viale_Firenze","CO","mg/m³","09/03/2022","19","0.55","-1"
"Potenza_Viale_Firenze","CO","mg/m³","09/03/2022","20","0.63","1"
"Potenza_Viale_Firenze","CO","mg/m³","09/03/2022","21","0.53","1"
"Potenza_Viale_Firenze","CO","mg/m³","09/03/2022","22","0.48","1"
"Potenza_Viale_Firenze","CO","mg/m³","09/03/2022","23","0.42","1"
"Potenza_Viale_Firenze","CO","mg/m³","09/03/2022","24","0.40","1"
"Potenza_Viale_Firenze","CO","mg/m³","10/03/2022","01","0.38","1"
"Potenza_Viale_Firenze","CO","mg/m³","10/03/2022","02","0.38","1"
"Potenza_Viale_Firenze","CO","mg/m³","10/03/2022","03","0.39","1"
"Potenza_Viale_Firenze","CO","mg/m³","10/03/2022","04","0.38","1"
"Potenza_Viale_Firenze","CO","mg/m³","10/03/2022","05","0.38","1"
"Potenza_Viale_Firenze","CO","mg/m³","10/03/2022","06","0.39","1"
"Potenza_Viale_Firenze","CO","mg/m³","10/03/2022","07","0.46","1"
"Potenza_Viale_Firenze","CO","mg/m³","10/03/2022","08","0.48","1"
"Potenza_Viale_Firenze","CO","mg/m³","10/03/2022","09","0.48","1"
"Potenza_Viale_Firenze","CO","mg/m³","10/03/2022","10","0.48","1"
"Potenza_Viale_Firenze","CO","mg/m³","10/03/2022","11","0.44","1"
"Potenza_Viale_Firenze","CO","mg/m³","10/03/2022","12","0.46","1"
"Potenza_Viale_Firenze","CO","mg/m³","10/03/2022","13","0.49","1"
"Potenza_Viale_Firenze","CO","mg/m³","10/03/2022","14","0.48","1"
"Potenza_Viale_Firenze","CO","mg/m³","10/03/2022","15","0.48","1"
"Potenza_Viale_Firenze","CO","mg/m³","10/03/2022","16","0.49","1"
"Potenza_Viale_Firenze","CO","mg/m³","10/03/2022","17","0.55","1"
"Potenza_Viale_Firenze","CO","mg/m³","10/03/2022","18","0.60","-1"
"Potenza_Viale_Firenze","CO","mg/m³","10/03/2022","19","0.66","1"
"Potenza_Viale_Firenze","CO","mg/m³","10/03/2022","20","0.61","1"
"Potenza_Viale_Firenze","CO","mg/m³","10/03/2022","21","0.60","1"
"Potenza_Viale_Firenze","CO","mg/m³","10/03/2022","22","0.55","1"
"Potenza_Viale_Firenze","CO","mg/m³","10/03/2022","23","0.55","1"
"Potenza_Viale_Firenze","CO","mg/m³","10/03/2022","24","0.55","1"
"Potenza_Viale_Firenze","CO","mg/m³","11/03/2022","01","0.47","1"
"Potenza_Viale_Firenze","CO","mg/m³","11/03/2022","02","0.48","1"
"Potenza_Viale_Firenze","CO","mg/m³","11/03/2022","03","0.45","1"
"Potenza_Viale_Firenze","CO","mg/m³","11/03/2022","04","0.42","1"
"Potenza_Viale_Firenze","CO","mg/m³","11/03/2022","05","0.41","1"
"Potenza_Viale_Firenze","CO","mg/m³","11/03/2022","06","0.42","1"
"Potenza_Viale_Firenze","CO","mg/m³","11/03/2022","07","0.53","1"
"Potenza_Viale_Firenze","CO","mg/m³","11/03/2022","08","0.64","1"
"Potenza_Viale_Firenze","CO","mg/m³","11/03/2022","09","0.67","1"
"Potenza_Viale_Firenze","CO","mg/m³","11/03/2022","10","0.56","1"
"Potenza_Viale_Firenze","CO","mg/m³","11/03/2022","11","0.57","1"
"Potenza_Viale_Firenze","CO","mg/m³","11/03/2022","12","0.56","1"
"Potenza_Viale_Firenze","CO","mg/m³","11/03/2022","13","0.54","1"
"Potenza_Viale_Firenze","CO","mg/m³","11/03/2022","14","0.58","1"
"Potenza_Viale_Firenze","CO","mg/m³","11/03/2022","15","0.53","1"
"Potenza_Viale_Firenze","CO","mg/m³","11/03/2022","16","0.51","1"
"Potenza_Viale_Firenze","CO","mg/m³","11/03/2022","17","0.54","-1"
"Potenza_Viale_Firenze","CO","mg/m³","11/03/2022","18","0.70","1"
"Potenza_Viale_Firenze","CO","mg/m³","11/03/2022","19","0.97","1"
"Potenza_Viale_Firenze","CO","mg/m³","11/03/2022","20","1.03","1"
"Potenza_Viale_Firenze","CO","mg/m³","11/03/2022","21","0.85","1"
"Potenza_Viale_Firenze","CO","mg/m³","11/03/2022","22","0.93","1"
"Potenza_Viale_Firenze","CO","mg/m³","11/03/2022","23","0.85","1"
"Potenza_Viale_Firenze","CO","mg/m³","11/03/2022","24","0.83","1"
"Potenza_Viale_Firenze","CO","mg/m³","12/03/2022","01","0.87","1"
"Potenza_Viale_Firenze","CO","mg/m³","12/03/2022","02","0.77","1"
"Potenza_Viale_Firenze","CO","mg/m³","12/03/2022","03","0.71","1"
"Potenza_Viale_Firenze","CO","mg/m³","12/03/2022","04","0.60","1"
"Potenza_Viale_Firenze","CO","mg/m³","12/03/2022","05","0.54","1"
"Potenza_Viale_Firenze","CO","mg/m³","12/03/2022","06","0.57","1"
"Potenza_Viale_Firenze","CO","mg/m³","12/03/2022","07","0.61","1"
"Potenza_Viale_Firenze","CO","mg/m³","12/03/2022","08","0.57","1"
"Potenza_Viale_Firenze","CO","mg/m³","12/03/2022","09","0.76","1"
"Potenza_Viale_Firenze","CO","mg/m³","12/03/2022","10","0.70","1"
"Potenza_Viale_Firenze","CO","mg/m³","12/03/2022","11","0.59","1"
"Potenza_Viale_Firenze","CO","mg/m³","12/03/2022","12","0.55","1"
"Potenza_Viale_Firenze","CO","mg/m³","12/03/2022","13","0.53","1"
"Potenza_Viale_Firenze","CO","mg/m³","12/03/2022","14","0.56","1"
"Potenza_Viale_Firenze","CO","mg/m³","12/03/2022","15","0.53","1"
"Potenza_Viale_Firenze","CO","mg/m³","12/03/2022","16","0.50","-1"
"Potenza_Viale_Firenze","CO","mg/m³","12/03/2022","17","0.50","1"
"Potenza_Viale_Firenze","CO","mg/m³","12/03/2022","18","0.58","1"
"Potenza_Viale_Firenze","CO","mg/m³","12/03/2022","19","0.55","1"
"Potenza_Viale_Firenze","CO","mg/m³","12/03/2022","20","0.57","1"
"Potenza_Viale_Firenze","CO","mg/m³","12/03/2022","21","0.58","1"
"Potenza_Viale_Firenze","CO","mg/m³","12/03/2022","22","0.55","1"
"Potenza_Viale_Firenze","CO","mg/m³","12/03/2022","23","0.54","1"
"Potenza_Viale_Firenze","CO","mg/m³","12/03/2022","24","0.54","1"
"Potenza_Viale_Firenze","CO","mg/m³","13/03/2022","01","0.65","1"
"Potenza_Viale_Firenze","CO","mg/m³","13/03/2022","02","0.66","1"
"Potenza_Viale_Firenze","CO","mg/m³","13/03/2022","03","0.55","1"
"Potenza_Viale_Firenze","CO","mg/m³","13/03/2022","04","0.50","1"
"Potenza_Viale_Firenze","CO","mg/m³","13/03/2022","05","0.51","1"
"Potenza_Viale_Firenze","CO","mg/m³","13/03/2022","06","0.49","1"
"Potenza_Viale_Firenze","CO","mg/m³","13/03/2022","07","0.51","1"
"Potenza_Viale_Firenze","CO","mg/m³","13/03/2022","08","0.55","1"
"Potenza_Viale_Firenze","CO","mg/m³","13/03/2022","09","0.61","1"
"Potenza_Viale_Firenze","CO","mg/m³","13/03/2022","10","0.50","1"
"Potenza_Viale_Firenze","CO","mg/m³","13/03/2022","11","0.51","1"
"Potenza_Viale_Firenze","CO","mg/m³","13/03/2022","12","0.51","1"
"Potenza_Viale_Firenze","CO","mg/m³","13/03/2022","13","0.54","1"
"Potenza_Viale_Firenze","CO","mg/m³","13/03/2022","14","0.56","1"
"Potenza_Viale_Firenze","CO","mg/m³","13/03/2022","15","0.50","-1"
"Potenza_Viale_Firenze","CO","mg/m³","13/03/2022","16","0.49","1"
"Potenza_Viale_Firenze","CO","mg/m³","13/03/2022","17","0.50","1"
"Potenza_Viale_Firenze","CO","mg/m³","13/03/2022","18","0.53","1"
"Potenza_Viale_Firenze","CO","mg/m³","13/03/2022","19","0.65","1"
"Potenza_Viale_Firenze","CO","mg/m³","13/03/2022","20","0.89","1"
"Potenza_Viale_Firenze","CO","mg/m³","13/03/2022","21","0.80","1"
"Potenza_Viale_Firenze","CO","mg/m³","13/03/2022","22","0.86","1"
"Potenza_Viale_Firenze","CO","mg/m³","13/03/2022","23","0.94","1"
"Potenza_Viale_Firenze","CO","mg/m³","13/03/2022","24","1.00","1"
"Potenza_Viale_Firenze","CO","mg/m³","14/03/2022","01","1.00","1"
"Potenza_Viale_Firenze","CO","mg/m³","14/03/2022","02","0.85","1"
"Potenza_Viale_Firenze","CO","mg/m³","14/03/2022","03","0.77","1"
"Potenza_Viale_Firenze","CO","mg/m³","14/03/2022","04","0.69","1"
"Potenza_Viale_Firenze","CO","mg/m³","14/03/2022","05","0.65","1"
"Potenza_Viale_Firenze","CO","mg/m³","14/03/2022","06","0.63","1"
"Potenza_Viale_Firenze","CO","mg/m³","14/03/2022","07","1.03","1"
"Potenza_Viale_Firenze","CO","mg/m³","14/03/2022","08","1.39","1"
"Potenza_Viale_Firenze","CO","mg/m³","14/03/2022","09","1.41","1"
"Potenza_Viale_Firenze","CO","mg/m³","14/03/2022","10","0.97","1"
"Potenza_Viale_Firenze","CO","mg/m³","14/03/2022","11","0.66","1"
"Potenza_Viale_Firenze","CO","mg/m³","14/03/2022","12","0.58","1"
"Potenza_Viale_Firenze","CO","mg/m³","14/03/2022","13","0.56","1"
"Potenza_Viale_Firenze","CO","mg/m³","14/03/2022","14","0.72","-1"
"Potenza_Viale_Firenze","CO","mg/m³","14/03/2022","15","0.61","1"
"Potenza_Viale_Firenze","CO","mg/m³","14/03/2022","16","0.56","1"
"Potenza_Viale_Firenze","CO","mg/m³","14/03/2022","17","0.55","1"
"Potenza_Viale_Firenze","CO","mg/m³","14/03/2022","18","0.62","1"
"Potenza_Viale_Firenze","CO","mg/m³","14/03/2022","19","0.94","1"
"Potenza_Viale_Firenze","CO","mg/m³","14/03/2022","20","1.35","1"
"Potenza_Viale_Firenze","CO","mg/m³","14/03/2022","21","1.10","1"
"Potenza_Viale_Firenze","CO","mg/m³","14/03/2022","22","0.84","1"
"Potenza_Viale_Firenze","CO","mg/m³","14/03/2022","23","0.78","1"
"Potenza_Viale_Firenze","CO","mg/m³","14/03/2022","24","0.79","1"
"Potenza_Viale_Firenze","CO","mg/m³","15/03/2022","01","0.70","1"
"Potenza_Viale_Firenze","CO","mg/m³","15/03/2022","02","0.65","1"
"Potenza_Viale_Firenze","CO","mg/m³","15/03/2022","03","0.80","1"
"Potenza_Viale_Firenze","CO","mg/m³","15/03/2022","04","0.68","1"
"Potenza_Viale_Firenze","CO","mg/m³","15/03/2022","05","0.60","1"
"Potenza_Viale_Firenze","CO","mg/m³","15/03/2022","06","0.71","1"
"Potenza_Viale_Firenze","CO","mg/m³","15/03/2022","07","0.88","1"
"Potenza_Viale_Firenze","CO","mg/m³","15/03/2022","08","1.15","1"
"Potenza_Viale_Firenze","CO","mg/m³","15/03/2022","09","1.39","1"
"Potenza_Viale_Firenze","CO","mg/m³","15/03/2022","10","1.08","1"
"Potenza_Viale_Firenze","CO","mg/m³","15/03/2022","11","0.77","1"
"Potenza_Viale_Firenze","CO","mg/m³","15/03/2022","12","0.59","1"
"Potenza_Viale_Firenze","CO","mg/m³","15/03/2022","13","0.62","-1"
"Potenza_Viale_Firenze","CO","mg/m³","15/03/2022","14","0.63","1"
"Potenza_Viale_Firenze","CO","mg/m³","15/03/2022","15","0.59","1"
"Potenza_Viale_Firenze","CO","mg/m³","15/03/2022","16","0.59","1"
"Potenza_Viale_Firenze","CO","mg/m³","15/03/2022","17","0.66","1"
"Potenza_Viale_Firenze","CO","mg/m³","15/03/2022","18","0.68","1"
"Potenza_Viale_Firenze","CO","mg/m³","15/03/2022","19","1.24","1"
"Potenza_Viale_Firenze","CO","mg/m³","15/03/2022","20","1.25","1"
"Potenza_Viale_Firenze","CO","mg/m³","15/03/2022","21","1.14","1"
"Potenza_Viale_Firenze","CO","mg/m³","15/03/2022","22","0.96","1"
"Potenza_Viale_Firenze","CO","mg/m³","15/03/2022","23","0.80","1"
"Potenza_Viale_Firenze","CO","mg/m³","15/03/2022","24","0.86","1"
"Potenza_Viale_Firenze","CO","mg/m³","16/03/2022","01","0.66","1"
"Potenza_Viale_Firenze","CO","mg/m³","16/03/2022","02","0.55","1"
"Potenza_Viale_Firenze","CO","mg/m³","16/03/2022","03","0.51","1"
"Potenza_Viale_Firenze","CO","mg/m³","16/03/2022","04","0.46","1"
"Potenza_Viale_Firenze","CO","mg/m³","16/03/2022","05","0.47","1"
"Potenza_Viale_Firenze","CO","mg/m³","16/03/2022","06","0.48","1"
"Potenza_Viale_Firenze","CO","mg/m³","16/03/2022","07","0.66","1"
"Potenza_Viale_Firenze","CO","mg/m³","16/03/2022","08","1.13","1"
"Potenza_Viale_Firenze","CO","mg/m³","16/03/2022","09","0.84","1"
"Potenza_Viale_Firenze","CO","mg/m³","16/03/2022","10","0.67","1"
"Potenza_Viale_Firenze","CO","mg/m³","16/03/2022","11","0.62","1"
"Potenza_Viale_Firenze","CO","mg/m³","16/03/2022","12","0.60","-1"
"Potenza_Viale_Firenze","CO","mg/m³","16/03/2022","13","0.58","1"
"Potenza_Viale_Firenze","CO","mg/m³","16/03/2022","14","0.61","1"
"Potenza_Viale_Firenze","CO","mg/m³","16/03/2022","15","0.54","1"
"Potenza_Viale_Firenze","CO","mg/m³","16/03/2022","16","0.52","1"
"Potenza_Viale_Firenze","CO","mg/m³","16/03/2022","17","0.57","1"
"Potenza_Viale_Firenze","CO","mg/m³","16/03/2022","18","0.77","1"
"Potenza_Viale_Firenze","CO","mg/m³","16/03/2022","19","0.81","1"
"Potenza_Viale_Firenze","CO","mg/m³","16/03/2022","20","0.90","1"
"Potenza_Viale_Firenze","CO","mg/m³","16/03/2022","21","0.92","1"
"Potenza_Viale_Firenze","CO","mg/m³","16/03/2022","22","0.78","1"
"Potenza_Viale_Firenze","CO","mg/m³","16/03/2022","23","0.77","1"
"Potenza_Viale_Firenze","CO","mg/m³","16/03/2022","24","0.76","1"
"Potenza_Viale_Firenze","CO","mg/m³","17/03/2022","01","0.72","1"
"Potenza_Viale_Firenze","CO","mg/m³","17/03/2022","02","0.61","1"
"Potenza_Viale_Firenze","CO","mg/m³","17/03/2022","03","0.59","1"
"Potenza_Viale_Firenze","CO","mg/m³","17/03/2022","04","0.59","1"
"Potenza_Viale_Firenze","CO","mg/m³","17/03/2022","05","0.51","1"
"Potenza_Viale_Firenze","CO","mg/m³","17/03/2022","06","0.48","1"
"Potenza_Viale_Firenze","CO","mg/m³","17/03/2022","07","0.63","1"
"Potenza_Viale_Firenze","CO","mg/m³","17/03/2022","08","0.76","1"
"Potenza_Viale_Firenze","CO","mg/m³","17/03/2022","09","0.79","1"
"Potenza_Viale_Firenze","CO","mg/m³","17/03/2022","10","0.63","1"
"Potenza_Viale_Firenze","CO","mg/m³","17/03/2022","11","0.60","-1"
"Potenza_Viale_Firenze","CO","mg/m³","17/03/2022","12","0.57","1"
"Potenza_Viale_Firenze","CO","mg/m³","17/03/2022","13","0.57","1"
"Potenza_Viale_Firenze","CO","mg/m³","17/03/2022","14","0.58","1"
"Potenza_Viale_Firenze","CO","mg/m³","17/03/2022","15","0.53","1"
"Potenza_Viale_Firenze","CO","mg/m³","17/03/2022","16","0.58","1"
"Potenza_Viale_Firenze","CO","mg/m³","17/03/2022","17","0.54","1"
"Potenza_Viale_Firenze","CO","mg/m³","17/03/2022","18","0.58","1"
"Potenza_Viale_Firenze","CO","mg/m³","17/03/2022","19","0.67","1"
"Potenza_Viale_Firenze","CO","mg/m³","17/03/2022","20","0.69","1"
"Potenza_Viale_Firenze","CO","mg/m³","17/03/2022","21","0.60","1"
"Potenza_Viale_Firenze","CO","mg/m³","17/03/2022","22","0.46","1"
"Potenza_Viale_Firenze","CO","mg/m³","17/03/2022","23","0.44","1"
"Potenza_Viale_Firenze","CO","mg/m³","17/03/2022","24","0.42","1"
"Potenza_Viale_Firenze","CO","mg/m³","18/03/2022","01","0.42","1"
"Potenza_Viale_Firenze","CO","mg/m³","18/03/2022","02","0.41","1"
"Potenza_Viale_Firenze","CO","mg/m³","18/03/2022","03","0.40","1"
"Potenza_Viale_Firenze","CO","mg/m³","18/03/2022","04","0.42","1"
"Potenza_Viale_Firenze","CO","mg/m³","18/03/2022","05","0.43","1"
"Potenza_Viale_Firenze","CO","mg/m³","18/03/2022","06","0.42","1"
"Potenza_Viale_Firenze","CO","mg/m³","18/03/2022","07","0.47","1"
"Potenza_Viale_Firenze","CO","mg/m³","18/03/2022","08","0.58","1"
"Potenza_Viale_Firenze","CO","mg/m³","18/03/2022","09","0.64","1"
"Potenza_Viale_Firenze","CO","mg/m³","18/03/2022","10","0.68","-1"
"Potenza_Viale_Firenze","CO","mg/m³","18/03/2022","11","0.67","1"
"Potenza_Viale_Firenze","CO","mg/m³","18/03/2022","12","0.65","1"
"Potenza_Viale_Firenze","CO","mg/m³","18/03/2022","13","0.62","1"
"Potenza_Viale_Firenze","CO","mg/m³","18/03/2022","14","0.69","1"
"Potenza_Viale_Firenze","CO","mg/m³","18/03/2022","15","0.63","1"
"Potenza_Viale_Firenze","CO","mg/m³","18/03/2022","16","0.60","1"
"Potenza_Viale_Firenze","CO","mg/m³","18/03/2022","17","0.66","1"
"Potenza_Viale_Firenze","CO","mg/m³","18/03/2022","18","0.65","1"
"Potenza_Viale_Firenze","CO","mg/m³","18/03/2022","19","0.74","1"
"Potenza_Viale_Firenze","CO","mg/m³","18/03/2022","20","0.65","1"
"Potenza_Viale_Firenze","CO","mg/m³","18/03/2022","21","0.67","1"
"Potenza_Viale_Firenze","CO","mg/m³","18/03/2022","22","0.56","1"
"Potenza_Viale_Firenze","CO","mg/m³","18/03/2022","23","0.44","1"
"Potenza_Viale_Firenze","CO","mg/m³","18/03/2022","24","0.44","1"
"Potenza_Viale_Firenze","CO","mg/m³","19/03/2022","01","0.45","1"
"Potenza_Viale_Firenze","CO","mg/m³","19/03/2022","02","0.44","1"
"Potenza_Viale_Firenze","CO","mg/m³","19/03/2022","03","0.43","1"
"Potenza_Viale_Firenze","CO","mg/m³","19/03/2022","04","0.43","1"
"Potenza_Viale_Firenze","CO","mg/m³","19/03/2022","05","0.43","1"
"Potenza_Viale_Firenze","CO","mg/m³","19/03/2022","06","0.43","1"
"Potenza_Viale_Firenze","CO","mg/m³","19/03/2022","07","0.48","1"
"Potenza_Viale_Firenze","CO","mg/m³","19/03/2022","08","0.53","1"
"Potenza_Viale_Firenze","CO","mg/m³","19/03/2022","09","0.70","-1"
"Potenza_Viale_Firenze","CO","mg/m³","19/03/2022","10","0.58","1"
"Potenza_Viale_Firenze","CO","mg/m³","19/03/2022","11","0.63","1"
"Potenza_Viale_Firenze","CO","mg/m³","19/03/2022","12","0.66","1"
"Potenza_Viale_Firenze","CO","mg/m³","19/03/2022","13","0.60","1"
"Potenza_Viale_Firenze","CO","mg/m³","19/03/2022","14","0.57","1"
"Potenza_Viale_Firenze","CO","mg/m³","19/03/2022","15","0.49","1"
"Potenza_Viale_Firenze","CO","mg/m³","19/03/2022","16","0.47","1"
"Potenza_Viale_Firenze","CO","mg/m³","19/03/2022","17","0.49","1"
"Potenza_Viale_Firenze","CO","mg/m³","19/03/2022","18","0.52","1"
"Potenza_Viale_Firenze","CO","mg/m³","19/03/2022","19","0.57","1"
"Potenza_Viale_Firenze","CO","mg/m³","19/03/2022","20","0.56","1"
"Potenza_Viale_Firenze","CO","mg/m³","19/03/2022","21","0.61","1"
"Potenza_Viale_Firenze","CO","mg/m³","19/03/2022","22","0.51","1"
"Potenza_Viale_Firenze","CO","mg/m³","19/03/2022","23","0.48","1"
"Potenza_Viale_Firenze","CO","mg/m³","19/03/2022","24","0.45","1"
"Potenza_Viale_Firenze","CO","mg/m³","20/03/2022","01","0.46","1"
"Potenza_Viale_Firenze","CO","mg/m³","20/03/2022","02","0.45","1"
"Potenza_Viale_Firenze","CO","mg/m³","20/03/2022","03","0.44","1"
"Potenza_Viale_Firenze","CO","mg/m³","20/03/2022","04","0.43","1"
"Potenza_Viale_Firenze","CO","mg/m³","20/03/2022","05","0.43","1"
"Potenza_Viale_Firenze","CO","mg/m³","20/03/2022","06","0.44","1"
"Potenza_Viale_Firenze","CO","mg/m³","20/03/2022","07","0.46","1"
"Potenza_Viale_Firenze","CO","mg/m³","20/03/2022","08","0.50","-1"
"Potenza_Viale_Firenze","CO","mg/m³","20/03/2022","09","0.46","1"
"Potenza_Viale_Firenze","CO","mg/m³","20/03/2022","10","0.49","1"
"Potenza_Viale_Firenze","CO","mg/m³","20/03/2022","11","0.49","1"
"Potenza_Viale_Firenze","CO","mg/m³","20/03/2022","12","0.51","1"
"Potenza_Viale_Firenze","CO","mg/m³","20/03/2022","13","0.53","1"
"Potenza_Viale_Firenze","CO","mg/m³","20/03/2022","14","0.50","1"
"Potenza_Viale_Firenze","CO","mg/m³","20/03/2022","15","0.49","1"
"Potenza_Viale_Firenze","CO","mg/m³","20/03/2022","16","0.47","1"
"Potenza_Viale_Firenze","CO","mg/m³","20/03/2022","17","0.49","1"
"Potenza_Viale_Firenze","CO","mg/m³","20/03/2022","18","0.51","1"
"Potenza_Viale_Firenze","CO","mg/m³","20/03/2022","19","0.56","1"
"Potenza_Viale_Firenze","CO","mg/m³","20/03/2022","20","0.65","1"
"Potenza_Viale_Firenze","CO","mg/m³","20/03/2022","21","0.69","1"
"Potenza_Viale_Firenze","CO","mg/m³","20/03/2022","22","0.59","1"
"Potenza_Viale_Firenze","CO","mg/m³","20/03/2022","23","0.61","1"
"Potenza_Viale_Firenze","CO","mg/m³","20/03/2022","24","0.60","1"
"Potenza_Viale_Firenze","CO","mg/m³","21/03/2022","01","0.61","1"
"Potenza_Viale_Firenze","CO","mg/m³","21/03/2022","02","0.62","1"
"Potenza_Viale_Firenze","CO","mg/m³","21/03/2022","03","0.50","1"
"Potenza_Viale_Firenze","CO","mg/m³","21/03/2022","04","0.52","1"
"Potenza_Viale_Firenze","CO","mg/m³","21/03/2022","05","0.45","1"
"Potenza_Viale_Firenze","CO","mg/m³","21/03/2022","06","0.47","1"
"Potenza_Viale_Firenze","CO","mg/m³","21/03/2022","07","0.54","-1"
"Potenza_Viale_Firenze","CO","mg/m³","21/03/2022","08","0.71","1"
"Potenza_Viale_Firenze","CO","mg/m³","21/03/2022","09","0.68","1"
"Potenza_Viale_Firenze","CO","mg/m³","21/03/2022","10","0.59","1"
"Potenza_Viale_Firenze","CO","mg/m³","21/03/2022","11","0.63","1"
"Potenza_Viale_Firenze","CO","mg/m³","21/03/2022","12","0.58","1"
"Potenza_Viale_Firenze","CO","mg/m³","21/03/2022","13","0.59","1"
"Potenza_Viale_Firenze","CO","mg/m³","21/03/2022","14","0.57","1"
"Potenza_Viale_Firenze","CO","mg/m³","21/03/2022","15","0.55","1"
"Potenza_Viale_Firenze","CO","mg/m³","21/03/2022","16","0.56","1"
"Potenza_Viale_Firenze","CO","mg/m³","21/03/2022","17","0.61","1"
"Potenza_Viale_Firenze","CO","mg/m³","21/03/2022","18","0.68","1"
"Potenza_Viale_Firenze","CO","mg/m³","21/03/2022","19","0.91","1"
"Potenza_Viale_Firenze","CO","mg/m³","21/03/2022","20","1.23","1"
"Potenza_Viale_Firenze","CO","mg/m³","21/03/2022","21","1.11","1"
"Potenza_Viale_Firenze","CO","mg/m³","21/03/2022","22","0.90","1"
"Potenza_Viale_Firenze","CO","mg/m³","21/03/2022","23","0.82","1"
"Potenza_Viale_Firenze","CO","mg/m³","21/03/2022","24","0.84","1"
"Potenza_Viale_Firenze","CO","mg/m³","22/03/2022","01","0.67","1"
"Potenza_Viale_Firenze","CO","mg/m³","22/03/2022","02","0.56","1"
"Potenza_Viale_Firenze","CO","mg/m³","22/03/2022","03","0.49","1"
"Potenza_Viale_Firenze","CO","mg/m³","22/03/2022","04","0.50","1"
"Potenza_Viale_Firenze","CO","mg/m³","22/03/2022","05","0.63","1"
"Potenza_Viale_Firenze","CO","mg/m³","22/03/2022","06","0.66","-1"
"Potenza_Viale_Firenze","CO","mg/m³","22/03/2022","07","0.88","1"
"Potenza_Viale_Firenze","CO","mg/m³","22/03/2022","08","1.17","1"
"Potenza_Viale_Firenze","CO","mg/m³","22/03/2022","09","0.92","1"
"Potenza_Viale_Firenze","CO","mg/m³","22/03/2022","10","0.62","1"
"Potenza_Viale_Firenze","CO","mg/m³","22/03/2022","11","0.58","1"
"Potenza_Viale_Firenze","CO","mg/m³","22/03/2022","12","0.57","1"
"Potenza_Viale_Firenze","CO","mg/m³","22/03/2022","13","0.55","1"
"Potenza_Viale_Firenze","CO","mg/m³","22/03/2022","14","0.63","1"
"Potenza_Viale_Firenze","CO","mg/m³","22/03/2022","15","0.58","1"
"Potenza_Viale_Firenze","CO","mg/m³","22/03/2022","16","0.59","1"
"Potenza_Viale_Firenze","CO","mg/m³","22/03/2022","17","0.62","1"
"Potenza_Viale_Firenze","CO","mg/m³","22/03/2022","18","0.68","1"
"Potenza_Viale_Firenze","CO","mg/m³","22/03/2022","19","0.79","1"
"Potenza_Viale_Firenze","CO","mg/m³","22/03/2022","20","0.79","1"
"Potenza_Viale_Firenze","CO","mg/m³","22/03/2022","21","0.83","1"
"Potenza_Viale_Firenze","CO","mg/m³","22/03/2022","22","0.86","1"
"Potenza_Viale_Firenze","CO","mg/m³","22/03/2022","23","0.82","1"
"Potenza_Viale_Firenze","CO","mg/m³","22/03/2022","24","0.75","1"
"Potenza_Viale_Firenze","CO","mg/m³","23/03/2022","01","0.79","1"
"Potenza_Viale_Firenze","CO","mg/m³","23/03/2022","02","0.74","1"
"Potenza_Viale_Firenze","CO","mg/m³","23/03/2022","03","0.64","1"
"Potenza_Viale_Firenze","CO","mg/m³","23/03/2022","04","0.60","1"
"Potenza_Viale_Firenze","CO","mg/m³","23/03/2022","05","0.54","-1"
"Potenza_Viale_Firenze","CO","mg/m³","23/03/2022","06","0.55","1"
"Potenza_Viale_Firenze","CO","mg/m³","23/03/2022","07","0.84","1"
"Potenza_Viale_Firenze","CO","mg/m³","23/03/2022","08","1.50","1"
"Potenza_Viale_Firenze","CO","mg/m³","23/03/2022","09","1.25","1"
"Potenza_Viale_Firenze","CO","mg/m³","23/03/2022","10","0.70","1"
"Potenza_Viale_Firenze","CO","mg/m³","23/03/2022","11","0.67","1"
"Potenza_Viale_Firenze","CO","mg/m³","23/03/2022","12","0.65","1"
"Potenza_Viale_Firenze","CO","mg/m³","23/03/2022","13","0.64","1"
"Potenza_Viale_Firenze","CO","mg/m³","23/03/2022","14","0.68","1"
"Potenza_Viale_Firenze","CO","mg/m³","23/03/2022","15","0.64","1"
"Potenza_Viale_Firenze","CO","mg/m³","23/03/2022","16","0.61","1"
"Potenza_Viale_Firenze","CO","mg/m³","23/03/2022","17","0.62","1"
"Potenza_Viale_Firenze","CO","mg/m³","23/03/2022","18","0.73","1"
"Potenza_Viale_Firenze","CO","mg/m³","23/03/2022","19","0.81","1"
"Potenza_Viale_Firenze","CO","mg/m³","23/03/2022","20","1.08","1"
"Potenza_Viale_Firenze","CO","mg/m³","23/03/2022","21","1.20","1"
"Potenza_Viale_Firenze","CO","mg/m³","23/03/2022","22","1.07","1"
"Potenza_Viale_Firenze","CO","mg/m³","23/03/2022","23","1.03","1"
"Potenza_Viale_Firenze","CO","mg/m³","23/03/2022","24","1.07","1"
"Potenza_Viale_Firenze","CO","mg/m³","24/03/2022","01","0.81","1"
"Potenza_Viale_Firenze","CO","mg/m³","24/03/2022","02","0.75","1"
"Potenza_Viale_Firenze","CO","mg/m³","24/03/2022","03","0.64","1"
"Potenza_Viale_Firenze","CO","mg/m³","24/03/2022","04","0.55","-1"
"Potenza_Viale_Firenze","CO","mg/m³","24/03/2022","05","0.55","1"
"Potenza_Viale_Firenze","CO","mg/m³","24/03/2022","06","0.58","1"
"Potenza_Viale_Firenze","CO","mg/m³","24/03/2022","07","0.92","1"
"Potenza_Viale_Firenze","CO","mg/m³","24/03/2022","08","1.32","1"
"Potenza_Viale_Firenze","CO","mg/m³","24/03/2022","09","1.18","1"
"Potenza_Viale_Firenze","CO","mg/m³","24/03/2022","10","0.88","1"
"Potenza_Viale_Firenze","CO","mg/m³","24/03/2022","11","0.72","1"
"Potenza_Viale_Firenze","CO","mg/m³","24/03/2022","12","0.65","1"
"Potenza_Viale_Firenze","CO","mg/m³","24/03/2022","13","0.67","1"
"Potenza_Viale_Firenze","CO","mg/m³","24/03/2022","14","0.75","1"
"Potenza_Viale_Firenze","CO","mg/m³","24/03/2022","15","0.69","1"
"Potenza_Viale_Firenze","CO","mg/m³","24/03/2022","16","0.68","1"
"Potenza_Viale_Firenze","CO","mg/m³","24/03/2022","17","0.72","1"
"Potenza_Viale_Firenze","CO","mg/m³","24/03/2022","18","0.88","1"
"Potenza_Viale_Firenze","CO","mg/m³","24/03/2022","19","1.00","1"
"Potenza_Viale_Firenze","CO","mg/m³","24/03/2022","20","1.42","1"
"Potenza_Viale_Firenze","CO","mg/m³","24/03/2022","21","1.55","1"
"Potenza_Viale_Firenze","CO","mg/m³","24/03/2022","22","1.17","1"
"Potenza_Viale_Firenze","CO","mg/m³","24/03/2022","23","0.92","1"
"Potenza_Viale_Firenze","CO","mg/m³","24/03/2022","24","0.90","1"
"Potenza_Viale_Firenze","CO","mg/m³","25/03/2022","01","0.73","1"
"Potenza_Viale_Firenze","CO","mg/m³","25/03/2022","02","0.69","1"
"Potenza_Viale_Firenze","CO","mg/m³","25/03/2022","03","0.57","-1"
"Potenza_Viale_Firenze","CO","mg/m³","25/03/2022","04","0.57","1"
"Potenza_Viale_Firenze","CO","mg/m³","25/03/2022","05","0.53","1"
"Potenza_Viale_Firenze","CO","mg/m³","25/03/2022","06","0.59","1"
"Potenza_Viale_Firenze","CO","mg/m³","25/03/2022","07","0.86","1"
"Potenza_Viale_Firenze","CO","mg/m³","25/03/2022","08","1.23","1"
"Potenza_Viale_Firenze","CO","mg/m³","25/03/2022","09","0.88","1"
"Potenza_Viale_Firenze","CO","mg/m³","25/03/2022","10","0.76","1"
"Potenza_Viale_Firenze","CO","mg/m³","25/03/2022","11","0.67","1"
"Potenza_Viale_Firenze","CO","mg/m³","25/03/2022","12","0.66","1"
"Potenza_Viale_Firenze","CO","mg/m³","25/03/2022","13","0.66","1"
"Potenza_Viale_Firenze","CO","mg/m³","25/03/2022","14","0.73","1"
"Potenza_Viale_Firenze","CO","mg/m³","25/03/2022","15","0.67","1"
"Potenza_Viale_Firenze","CO","mg/m³","25/03/2022","16","0.69","1"
"Potenza_Viale_Firenze","CO","mg/m³","25/03/2022","17","0.69","1"
"Potenza_Viale_Firenze","CO","mg/m³","25/03/2022","18","0.78","1"
"Potenza_Viale_Firenze","CO","mg/m³","25/03/2022","19","0.96","1"
"Potenza_Viale_Firenze","CO","mg/m³","25/03/2022","20","1.44","1"
"Potenza_Viale_Firenze","CO","mg/m³","25/03/2022","21","1.54","1"
"Potenza_Viale_Firenze","CO","mg/m³","25/03/2022","22","1.36","1"
"Potenza_Viale_Firenze","CO","mg/m³","25/03/2022","23","1.18","1"
"Potenza_Viale_Firenze","CO","mg/m³","25/03/2022","24","1.09","1"
"Potenza_Viale_Firenze","CO","mg/m³","26/03/2022","01","1.04","1"
"Potenza_Viale_Firenze","CO","mg/m³","26/03/2022","02","0.81","-1"
"Potenza_Viale_Firenze","CO","mg/m³","26/03/2022","03","0.79","1"
"Potenza_Viale_Firenze","CO","mg/m³","26/03/2022","04","0.67","1"
"Potenza_Viale_Firenze","CO","mg/m³","26/03/2022","05","0.68","1"
"Potenza_Viale_Firenze","CO","mg/m³","26/03/2022","06","0.75","1"
"Potenza_Viale_Firenze","CO","mg/m³","26/03/2022","07","0.85","1"
"Potenza_Viale_Firenze","CO","mg/m³","26/03/2022","08","1.17","1"
"Potenza_Viale_Firenze","CO","mg/m³","26/03/2022","09","1.29","1"
"Potenza_Viale_Firenze","CO","mg/m³","26/03/2022","10","1.02","1"
"Potenza_Viale_Firenze","CO","mg/m³","26/03/2022","11","0.72","1"
"Potenza_Viale_Firenze","CO","mg/m³","26/03/2022","12","0.70","1"
"Potenza_Viale_Firenze","CO","mg/m³","26/03/2022","13","0.68","1"
"Potenza_Viale_Firenze","CO","mg/m³","26/03/2022","14","0.76","1"
"Potenza_Viale_Firenze","CO","mg/m³","26/03/2022","15","0.64","1"
"Potenza_Viale_Firenze","CO","mg/m³","26/03/2022","16","0.63","1"
"Potenza_Viale_Firenze","CO","mg/m³","26/03/2022","17","0.65","1"
"Potenza_Viale_Firenze","CO","mg/m³","26/03/2022","18","0.72","1"
"Potenza_Viale_Firenze","CO","mg/m³","26/03/2022","19","0.76","1"
"Potenza_Viale_Firenze","CO","mg/m³","26/03/2022","20","1.17","1"
"Potenza_Viale_Firenze","CO","mg/m³","26/03/2022","21","1.26","1"
"Potenza_Viale_Firenze","CO","mg/m³","26/03/2022","22","0.98","1"
"Potenza_Viale_Firenze","CO","mg/m³","26/03/2022","23","0.80","1"
"Potenza_Viale_Firenze","CO","mg/m³","26/03/2022","24","0.88","1"
"Potenza_Viale_Firenze","CO","mg/m³","27/03/2022","01","0.99","-1"
"Potenza_Viale_Firenze","CO","mg/m³","27/03/2022","02","0.93","1"
"Potenza_Viale_Firenze","CO","mg/m³","27/03/2022","03","0.70","1"
"Potenza_Viale_Firenze","CO","mg/m³","27/03/2022","04","0.71","1"
"Potenza_Viale_Firenze","CO","mg/m³","27/03/2022","05","0.67","1"
"Potenza_Viale_Firenze","CO","mg/m³","27/03/2022","06","0.58","1"
"Potenza_Viale_Firenze","CO","mg/m³","27/03/2022","07","0.56","1"
"Potenza_Viale_Firenze","CO","mg/m³","27/03/2022","08","0.56","1"
"Potenza_Viale_Firenze","CO","mg/m³","27/03/2022","09","0.57","1"
"Potenza_Viale_Firenze","CO","mg/m³","27/03/2022","10","0.62","1"
"Potenza_Viale_Firenze","CO","mg/m³","27/03/2022","11","0.58","1"
"Potenza_Viale_Firenze","CO","mg/m³","27/03/2022","12","0.58","1"
"Potenza_Viale_Firenze","CO","mg/m³","27/03/2022","13","0.56","1"
"Potenza_Viale_Firenze","CO","mg/m³","27/03/2022","14","0.51","1"
"Potenza_Viale_Firenze","CO","mg/m³","27/03/2022","15","0.52","1"
"Potenza_Viale_Firenze","CO","mg/m³","27/03/2022","16","0.54","1"
"Potenza_Viale_Firenze","CO","mg/m³","27/03/2022","17","0.56","1"
"Potenza_Viale_Firenze","CO","mg/m³","27/03/2022","18","0.59","1"
"Potenza_Viale_Firenze","CO","mg/m³","27/03/2022","19","0.59","1"
"Potenza_Viale_Firenze","CO","mg/m³","27/03/2022","20","0.62","1"
"Potenza_Viale_Firenze","CO","mg/m³","27/03/2022","21","0.60","1"
"Potenza_Viale_Firenze","CO","mg/m³","27/03/2022","22","0.58","1"
"Potenza_Viale_Firenze","CO","mg/m³","27/03/2022","23","0.64","1"
"Potenza_Viale_Firenze","CO","mg/m³","27/03/2022","24","0.57","-1"
"Potenza_Viale_Firenze","CO","mg/m³","28/03/2022","01","0.51","1"
"Potenza_Viale_Firenze","CO","mg/m³","28/03/2022","02","0.50","1"
"Potenza_Viale_Firenze","CO","mg/m³","28/03/2022","03","0.51","1"
"Potenza_Viale_Firenze","CO","mg/m³","28/03/2022","04","0.47","1"
"Potenza_Viale_Firenze","CO","mg/m³","28/03/2022","05","0.46","1"
"Potenza_Viale_Firenze","CO","mg/m³","28/03/2022","06","0.51","1"
"Potenza_Viale_Firenze","CO","mg/m³","28/03/2022","07","0.59","1"
"Potenza_Viale_Firenze","CO","mg/m³","28/03/2022","08","0.80","1"
"Potenza_Viale_Firenze","CO","mg/m³","28/03/2022","09","0.59","1"
"Potenza_Viale_Firenze","CO","mg/m³","28/03/2022","10","0.55","1"
"Potenza_Viale_Firenze","CO","mg/m³","28/03/2022","11","0.59","1"
"Potenza_Viale_Firenze","CO","mg/m³","28/03/2022","12","0.54","1"
"Potenza_Viale_Firenze","CO","mg/m³","28/03/2022","13","0.55","-1"
"Potenza_Viale_Firenze","CO","mg/m³","28/03/2022","14","0.30","1"
"Potenza_Viale_Firenze","CO","mg/m³","28/03/2022","15","0.33","1"
"Potenza_Viale_Firenze","CO","mg/m³","28/03/2022","16","0.35","1"
"Potenza_Viale_Firenze","CO","mg/m³","28/03/2022","17","0.44","1"
"Potenza_Viale_Firenze","CO","mg/m³","28/03/2022","18","0.45","1"
"Potenza_Viale_Firenze","CO","mg/m³","28/03/2022","19","0.43","1"
"Potenza_Viale_Firenze","CO","mg/m³","28/03/2022","20","0.54","1"
"Potenza_Viale_Firenze","CO","mg/m³","28/03/2022","21","0.35","1"
"Potenza_Viale_Firenze","CO","mg/m³","28/03/2022","22","0.40","1"
"Potenza_Viale_Firenze","CO","mg/m³","28/03/2022","23","0.24","-1"
"Potenza_Viale_Firenze","CO","mg/m³","28/03/2022","24","0.19","1"
"Potenza_Viale_Firenze","CO","mg/m³","29/03/2022","01","0.24","1"
"Potenza_Viale_Firenze","CO","mg/m³","29/03/2022","02","0.24","1"
"Potenza_Viale_Firenze","CO","mg/m³","29/03/2022","03","0.25","1"
"Potenza_Viale_Firenze","CO","mg/m³","29/03/2022","04","0.24","1"
"Potenza_Viale_Firenze","CO","mg/m³","29/03/2022","05","0.23","1"
"Potenza_Viale_Firenze","CO","mg/m³","29/03/2022","06","0.34","1"
"Potenza_Viale_Firenze","CO","mg/m³","29/03/2022","07","0.73","1"
"Potenza_Viale_Firenze","CO","mg/m³","29/03/2022","08","1.08","1"
"Potenza_Viale_Firenze","CO","mg/m³","29/03/2022","09","0.55","1"
"Potenza_Viale_Firenze","CO","mg/m³","29/03/2022","10","0.33","1"
"Potenza_Viale_Firenze","CO","mg/m³","29/03/2022","11","0.36","1"
"Potenza_Viale_Firenze","CO","mg/m³","29/03/2022","12","0.34","1"
"Potenza_Viale_Firenze","CO","mg/m³","29/03/2022","13","0.33","1"
"Potenza_Viale_Firenze","CO","mg/m³","29/03/2022","14","0.31","1"
"Potenza_Viale_Firenze","CO","mg/m³","29/03/2022","15","0.32","1"
"Potenza_Viale_Firenze","CO","mg/m³","29/03/2022","16","0.33","1"
"Potenza_Viale_Firenze","CO","mg/m³","29/03/2022","17","0.33","1"
"Potenza_Viale_Firenze","CO","mg/m³","29/03/2022","18","0.41","1"
"Potenza_Viale_Firenze","CO","mg/m³","29/03/2022","19","0.77","1"
"Potenza_Viale_Firenze","CO","mg/m³","29/03/2022","20","0.71","1"
"Potenza_Viale_Firenze","CO","mg/m³","29/03/2022","21","0.66","1"
"Potenza_Viale_Firenze","CO","mg/m³","29/03/2022","22","0.54","-1"
"Potenza_Viale_Firenze","CO","mg/m³","29/03/2022","23","0.47","1"
"Potenza_Viale_Firenze","CO","mg/m³","29/03/2022","24","0.37","1"
"Potenza_Viale_Firenze","CO","mg/m³","30/03/2022","01","0.32","1"
"Potenza_Viale_Firenze","CO","mg/m³","30/03/2022","02","0.24","1"
"Potenza_Viale_Firenze","CO","mg/m³","30/03/2022","03","0.24","1"
"Potenza_Viale_Firenze","CO","mg/m³","30/03/2022","04","0.24","1"
"Potenza_Viale_Firenze","CO","mg/m³","30/03/2022","05","0.24","1"
"Potenza_Viale_Firenze","CO","mg/m³","30/03/2022","06","0.43","1"
"Potenza_Viale_Firenze","CO","mg/m³","30/03/2022","07","0.54","1"
"Potenza_Viale_Firenze","CO","mg/m³","30/03/2022","08","0.93","1"
"Potenza_Viale_Firenze","CO","mg/m³","30/03/2022","09","0.86","1"
"Potenza_Viale_Firenze","CO","mg/m³","30/03/2022","10","0.53","1"
"Potenza_Viale_Firenze","CO","mg/m³","30/03/2022","11","0.42","1"
"Potenza_Viale_Firenze","CO","mg/m³","30/03/2022","12","0.47","1"
"Potenza_Viale_Firenze","CO","mg/m³","30/03/2022","13","0.47","1"
"Potenza_Viale_Firenze","CO","mg/m³","30/03/2022","14","0.39","1"
"Potenza_Viale_Firenze","CO","mg/m³","30/03/2022","15","0.34","1"
"Potenza_Viale_Firenze","CO","mg/m³","30/03/2022","16","0.35","1"
"Potenza_Viale_Firenze","CO","mg/m³","30/03/2022","17","0.40","1"
"Potenza_Viale_Firenze","CO","mg/m³","30/03/2022","18","0.46","1"
"Potenza_Viale_Firenze","CO","mg/m³","30/03/2022","19","0.73","1"
"Potenza_Viale_Firenze","CO","mg/m³","30/03/2022","20","0.97","1"
"Potenza_Viale_Firenze","CO","mg/m³","30/03/2022","21","0.41","-1"
"Potenza_Viale_Firenze","CO","mg/m³","30/03/2022","22","0.42","1"
"Potenza_Viale_Firenze","CO","mg/m³","30/03/2022","23","0.29","1"
"Potenza_Viale_Firenze","CO","mg/m³","30/03/2022","24","0.20","1"
"Potenza_Viale_Firenze","CO","mg/m³","31/03/2022","01","0.16","1"
"Potenza_Viale_Firenze","CO","mg/m³","31/03/2022","02","0.14","1"
"Potenza_Viale_Firenze","CO","mg/m³","31/03/2022","03","0.14","1"
"Potenza_Viale_Firenze","CO","mg/m³","31/03/2022","04","0.13","1"
"Potenza_Viale_Firenze","CO","mg/m³","31/03/2022","05","0.14","1"
"Potenza_Viale_Firenze","CO","mg/m³","31/03/2022","06","0.18","1"
"Potenza_Viale_Firenze","CO","mg/m³","31/03/2022","07","0.32","1"
"Potenza_Viale_Firenze","CO","mg/m³","31/03/2022","08","0.51","1"
"Potenza_Viale_Firenze","CO","mg/m³","31/03/2022","09","0.51","1"
"Potenza_Viale_Firenze","CO","mg/m³","31/03/2022","10","0.43","1"
"Potenza_Viale_Firenze","CO","mg/m³","31/03/2022","11","0.33","1"
"Potenza_Viale_Firenze","CO","mg/m³","31/03/2022","12","0.40","1"
"Potenza_Viale_Firenze","CO","mg/m³","31/03/2022","13","0.52","1"
"Potenza_Viale_Firenze","CO","mg/m³","31/03/2022","14","0.34","1"
"Potenza_Viale_Firenze","CO","mg/m³","31/03/2022","15","0.31","1"
"Potenza_Viale_Firenze","CO","mg/m³","31/03/2022","16","0.43","1"
"Potenza_Viale_Firenze","CO","mg/m³","31/03/2022","17","0.41","1"
"Potenza_Viale_Firenze","CO","mg/m³","31/03/2022","18","0.42","1"
"Potenza_Viale_Firenze","CO","mg/m³","31/03/2022","19","0.42","1"
"Potenza_Viale_Firenze","CO","mg/m³","31/03/2022","20","0.38","-1"
"Potenza_Viale_Firenze","CO","mg/m³","31/03/2022","21","0.26","1"
"Potenza_Viale_Firenze","CO","mg/m³","31/03/2022","22","0.25","1"
"Potenza_Viale_Firenze","CO","mg/m³","31/03/2022","23","0.20","1"
"Potenza_Viale_Firenze","CO","mg/m³","31/03/2022","24","0.18","1"
"Potenza_Viale_Firenze","CO","mg/m³","01/04/2022","01","0.16","1"
"Potenza_Viale_Firenze","CO","mg/m³","01/04/2022","02","0.16","1"
"Potenza_Viale_Firenze","CO","mg/m³","01/04/2022","03","0.16","1"
"Potenza_Viale_Firenze","CO","mg/m³","01/04/2022","04","0.15","1"
"Potenza_Viale_Firenze","CO","mg/m³","01/04/2022","05","0.15","1"
"Potenza_Viale_Firenze","CO","mg/m³","01/04/2022","06","0.28","1"
"Potenza_Viale_Firenze","CO","mg/m³","01/04/2022","07","0.60","1"
"Potenza_Viale_Firenze","CO","mg/m³","01/04/2022","08","0.68","1"
"Potenza_Viale_Firenze","CO","mg/m³","01/04/2022","09","0.47","1"
"Potenza_Viale_Firenze","CO","mg/m³","01/04/2022","10","0.41","1"
"Potenza_Viale_Firenze","CO","mg/m³","01/04/2022","11","0.39","1"
"Potenza_Viale_Firenze","CO","mg/m³","01/04/2022","12","0.34","1"
"Potenza_Viale_Firenze","CO","mg/m³","01/04/2022","13","0.39","1"
"Potenza_Viale_Firenze","CO","mg/m³","01/04/2022","14","0.31","1"
"Potenza_Viale_Firenze","CO","mg/m³","01/04/2022","15","0.31","1"
"Potenza_Viale_Firenze","CO","mg/m³","01/04/2022","16","0.31","1"
"Potenza_Viale_Firenze","CO","mg/m³","01/04/2022","17","0.45","1"
"Potenza_Viale_Firenze","CO","mg/m³","01/04/2022","18","0.42","1"
"Potenza_Viale_Firenze","CO","mg/m³","01/04/2022","19","0.44","-1"
"Potenza_Viale_Firenze","CO","mg/m³","01/04/2022","20","0.35","1"
"Potenza_Viale_Firenze","CO","mg/m³","01/04/2022","21","0.28","1"
"Potenza_Viale_Firenze","CO","mg/m³","01/04/2022","22","0.20","1"
"Potenza_Viale_Firenze","CO","mg/m³","01/04/2022","23","0.18","1"
"Potenza_Viale_Firenze","CO","mg/m³","01/04/2022","24","0.16","1"
"Potenza_Viale_Firenze","CO","mg/m³","02/04/2022","01","0.13","1"
"Potenza_Viale_Firenze","CO","mg/m³","02/04/2022","02","0.12","1"
"Potenza_Viale_Firenze","CO","mg/m³","02/04/2022","03","0.13","1"
"Potenza_Viale_Firenze","CO","mg/m³","02/04/2022","04","0.14","1"
"Potenza_Viale_Firenze","CO","mg/m³","02/04/2022","05","0.15","1"
"Potenza_Viale_Firenze","CO","mg/m³","02/04/2022","06","0.23","1"
"Potenza_Viale_Firenze","CO","mg/m³","02/04/2022","07","0.29","1"
"Potenza_Viale_Firenze","CO","mg/m³","02/04/2022","08","0.38","1"
"Potenza_Viale_Firenze","CO","mg/m³","02/04/2022","09","0.32","1"
"Potenza_Viale_Firenze","CO","mg/m³","02/04/2022","10","0.33","1"
"Potenza_Viale_Firenze","CO","mg/m³","02/04/2022","11","0.37","1"
"Potenza_Viale_Firenze","CO","mg/m³","02/04/2022","12","0.34","1"
"Potenza_Viale_Firenze","CO","mg/m³","02/04/2022","13","0.38","1"
"Potenza_Viale_Firenze","CO","mg/m³","02/04/2022","14","0.28","1"
"Potenza_Viale_Firenze","CO","mg/m³","02/04/2022","15","0.29","1"
"Potenza_Viale_Firenze","CO","mg/m³","02/04/2022","16","0.31","1"
"Potenza_Viale_Firenze","CO","mg/m³","02/04/2022","17","0.28","1"
"Potenza_Viale_Firenze","CO","mg/m³","02/04/2022","18","0.48","-1"
"Potenza_Viale_Firenze","CO","mg/m³","02/04/2022","19","0.55","1"
"Potenza_Viale_Firenze","CO","mg/m³","02/04/2022","20","0.59","1"
"Potenza_Viale_Firenze","CO","mg/m³","02/04/2022","21","0.29","1"
"Potenza_Viale_Firenze","CO","mg/m³","02/04/2022","22","0.26","1"
"Potenza_Viale_Firenze","CO","mg/m³","02/04/2022","23","0.23","1"
"Potenza_Viale_Firenze","CO","mg/m³","02/04/2022","24","0.22","1"
"Potenza_Viale_Firenze","CO","mg/m³","03/04/2022","01","0.20","1"
"Potenza_Viale_Firenze","CO","mg/m³","03/04/2022","02","0.20","1"
"Potenza_Viale_Firenze","CO","mg/m³","03/04/2022","03","0.17","1"
"Potenza_Viale_Firenze","CO","mg/m³","03/04/2022","04","0.17","1"
"Potenza_Viale_Firenze","CO","mg/m³","03/04/2022","05","0.17","1"
"Potenza_Viale_Firenze","CO","mg/m³","03/04/2022","06","0.27","1"
"Potenza_Viale_Firenze","CO","mg/m³","03/04/2022","07","0.22","1"
"Potenza_Viale_Firenze","CO","mg/m³","03/04/2022","08","0.24","1"
"Potenza_Viale_Firenze","CO","mg/m³","03/04/2022","09","0.25","1"
"Potenza_Viale_Firenze","CO","mg/m³","03/04/2022","10","0.27","1"
"Potenza_Viale_Firenze","CO","mg/m³","03/04/2022","11","0.27","1"
"Potenza_Viale_Firenze","CO","mg/m³","03/04/2022","12","0.27","1"
"Potenza_Viale_Firenze","CO","mg/m³","03/04/2022","13","0.28","1"
"Potenza_Viale_Firenze","CO","mg/m³","03/04/2022","14","0.23","1"
"Potenza_Viale_Firenze","CO","mg/m³","03/04/2022","15","0.22","1"
"Potenza_Viale_Firenze","CO","mg/m³","03/04/2022","16","0.24","1"
"Potenza_Viale_Firenze","CO","mg/m³","03/04/2022","17","0.27","-1"
"Potenza_Viale_Firenze","CO","mg/m³","03/04/2022","18","0.35","1"
"Potenza_Viale_Firenze","CO","mg/m³","03/04/2022","19","0.51","1"
"Potenza_Viale_Firenze","CO","mg/m³","03/04/2022","20","0.51","1"
"Potenza_Viale_Firenze","CO","mg/m³","03/04/2022","21","0.44","1"
"Potenza_Viale_Firenze","CO","mg/m³","03/04/2022","22","0.48","1"
"Potenza_Viale_Firenze","CO","mg/m³","03/04/2022","23","0.57","1"
"Potenza_Viale_Firenze","CO","mg/m³","03/04/2022","24","0.48","1"
"Potenza_Viale_Firenze","CO","mg/m³","04/04/2022","01","0.40","1"
"Potenza_Viale_Firenze","CO","mg/m³","04/04/2022","02","0.42","1"
"Potenza_Viale_Firenze","CO","mg/m³","04/04/2022","03","0.37","1"
"Potenza_Viale_Firenze","CO","mg/m³","04/04/2022","04","0.35","1"
"Potenza_Viale_Firenze","CO","mg/m³","04/04/2022","05","0.41","1"
"Potenza_Viale_Firenze","CO","mg/m³","04/04/2022","06","0.59","1"
"Potenza_Viale_Firenze","CO","mg/m³","04/04/2022","07","0.75","1"
"Potenza_Viale_Firenze","CO","mg/m³","04/04/2022","08","0.91","1"
"Potenza_Viale_Firenze","CO","mg/m³","04/04/2022","09","0.91","1"
"Potenza_Viale_Firenze","CO","mg/m³","04/04/2022","10","0.51","1"
"Potenza_Viale_Firenze","CO","mg/m³","04/04/2022","11","0.38","1"
"Potenza_Viale_Firenze","CO","mg/m³","04/04/2022","12","0.38","1"
"Potenza_Viale_Firenze","CO","mg/m³","04/04/2022","13","0.48","1"
"Potenza_Viale_Firenze","CO","mg/m³","04/04/2022","14","0.37","1"
"Potenza_Viale_Firenze","CO","mg/m³","04/04/2022","15","0.50","1"
"Potenza_Viale_Firenze","CO","mg/m³","04/04/2022","16","0.49","-1"
"Potenza_Viale_Firenze","CO","mg/m³","04/04/2022","17","0.58","1"
"Potenza_Viale_Firenze","CO","mg/m³","04/04/2022","18","0.54","1"
"Potenza_Viale_Firenze","CO","mg/m³","04/04/2022","19","0.45","1"
"Potenza_Viale_Firenze","CO","mg/m³","04/04/2022","20","0.64","1"
"Potenza_Viale_Firenze","CO","mg/m³","04/04/2022","21","0.34","1"
"Potenza_Viale_Firenze","CO","mg/m³","04/04/2022","22","0.34","1"
"Potenza_Viale_Firenze","CO","mg/m³","04/04/2022","23","0.34","1"
"Potenza_Viale_Firenze","CO","mg/m³","04/04/2022","24","0.29","1"
"Potenza_Viale_Firenze","CO","mg/m³","05/04/2022","01","0.25","1"
"Potenza_Viale_Firenze","CO","mg/m³","05/04/2022","02","0.25","1"
"Potenza_Viale_Firenze","CO","mg/m³","05/04/2022","03","0.24","1"
"Potenza_Viale_Firenze","CO","mg/m³","05/04/2022","04","0.27","1"
"Potenza_Viale_Firenze","CO","mg/m³","05/04/2022","05","0.28","1"
"Potenza_Viale_Firenze","CO","mg/m³","05/04/2022","06","0.55","1"
"Potenza_Viale_Firenze","CO","mg/m³","05/04/2022","07","0.79","1"
"Potenza_Viale_Firenze","CO","mg/m³","05/04/2022","08","0.60","1"
"Potenza_Viale_Firenze","CO","mg/m³","05/04/2022","09","0.50","1"
"Potenza_Viale_Firenze","CO","mg/m³","05/04/2022","10","0.40","1"
"Potenza_Viale_Firenze","CO","mg/m³","05/04/2022","11","0.37","1"
"Potenza_Viale_Firenze","CO","mg/m³","05/04/2022","12","-9999","-1"
"Potenza_Viale_Firenze","CO","mg/m³","05/04/2022","13","0.37","1"
"Potenza_Viale_Firenze","CO","mg/m³","05/04/2022","14","0.32","1"
"Potenza_Viale_Firenze","CO","mg/m³","05/04/2022","15","0.33","-1"
"Potenza_Viale_Firenze","CO","mg/m³","05/04/2022","16","0.37","1"
"Potenza_Viale_Firenze","CO","mg/m³","05/04/2022","17","0.50","1"
"Potenza_Viale_Firenze","CO","mg/m³","05/04/2022","18","0.59","1"
"Potenza_Viale_Firenze","CO","mg/m³","05/04/2022","19","0.58","1"
"Potenza_Viale_Firenze","CO","mg/m³","05/04/2022","20","0.82","1"
"Potenza_Viale_Firenze","CO","mg/m³","05/04/2022","21","0.63","1"
"Potenza_Viale_Firenze","CO","mg/m³","05/04/2022","22","0.62","1"
"Potenza_Viale_Firenze","CO","mg/m³","05/04/2022","23","0.71","1"
"Potenza_Viale_Firenze","CO","mg/m³","05/04/2022","24","0.66","1"
"Potenza_Viale_Firenze","CO","mg/m³","06/04/2022","01","0.49","1"
"Potenza_Viale_Firenze","CO","mg/m³","06/04/2022","02","0.41","1"
"Potenza_Viale_Firenze","CO","mg/m³","06/04/2022","03","0.35","1"
"Potenza_Viale_Firenze","CO","mg/m³","06/04/2022","04","0.36","1"
"Potenza_Viale_Firenze","CO","mg/m³","06/04/2022","05","0.38","1"
"Potenza_Viale_Firenze","CO","mg/m³","06/04/2022","06","0.59","1"
"Potenza_Viale_Firenze","CO","mg/m³","06/04/2022","07","1.05","1"
"Potenza_Viale_Firenze","CO","mg/m³","06/04/2022","08","0.98","1"
"Potenza_Viale_Firenze","CO","mg/m³","06/04/2022","09","0.76","1"
"Potenza_Viale_Firenze","CO","mg/m³","06/04/2022","10","0.53","1"
"Potenza_Viale_Firenze","CO","mg/m³","06/04/2022","11","0.46","1"
"Potenza_Viale_Firenze","CO","mg/m³","06/04/2022","12","0.41","1"
"Potenza_Viale_Firenze","CO","mg/m³","06/04/2022","13","0.48","1"
"Potenza_Viale_Firenze","CO","mg/m³","06/04/2022","14","0.36","-1"
"Potenza_Viale_Firenze","CO","mg/m³","06/04/2022","15","0.33","1"
"Potenza_Viale_Firenze","CO","mg/m³","06/04/2022","16","0.41","1"
"Potenza_Viale_Firenze","CO","mg/m³","06/04/2022","17","0.48","1"
"Potenza_Viale_Firenze","CO","mg/m³","06/04/2022","18","0.53","1"
"Potenza_Viale_Firenze","CO","mg/m³","06/04/2022","19","0.57","1"
"Potenza_Viale_Firenze","CO","mg/m³","06/04/2022","20","0.81","1"
"Potenza_Viale_Firenze","CO","mg/m³","06/04/2022","21","0.28","1"
"Potenza_Viale_Firenze","CO","mg/m³","06/04/2022","22","0.27","1"
"Potenza_Viale_Firenze","CO","mg/m³","06/04/2022","23","0.30","1"
"Potenza_Viale_Firenze","CO","mg/m³","06/04/2022","24","0.27","1"
"Potenza_Viale_Firenze","CO","mg/m³","07/04/2022","01","0.23","1"
"Potenza_Viale_Firenze","CO","mg/m³","07/04/2022","02","0.21","1"
"Potenza_Viale_Firenze","CO","mg/m³","07/04/2022","03","0.19","1"
"Potenza_Viale_Firenze","CO","mg/m³","07/04/2022","04","0.20","1"
"Potenza_Viale_Firenze","CO","mg/m³","07/04/2022","05","0.21","1"
"Potenza_Viale_Firenze","CO","mg/m³","07/04/2022","06","0.33","1"
"Potenza_Viale_Firenze","CO","mg/m³","07/04/2022","07","0.53","1"
"Potenza_Viale_Firenze","CO","mg/m³","07/04/2022","08","0.41","1"
"Potenza_Viale_Firenze","CO","mg/m³","07/04/2022","09","0.45","1"
"Potenza_Viale_Firenze","CO","mg/m³","07/04/2022","10","0.38","1"
"Potenza_Viale_Firenze","CO","mg/m³","07/04/2022","11","0.36","1"
"Potenza_Viale_Firenze","CO","mg/m³","07/04/2022","12","0.43","1"
"Potenza_Viale_Firenze","CO","mg/m³","07/04/2022","13","0.38","-1"
"Potenza_Viale_Firenze","CO","mg/m³","07/04/2022","14","0.34","1"
"Potenza_Viale_Firenze","CO","mg/m³","07/04/2022","15","0.34","1"
"Potenza_Viale_Firenze","CO","mg/m³","07/04/2022","16","0.32","1"
"Potenza_Viale_Firenze","CO","mg/m³","07/04/2022","17","0.37","1"
"Potenza_Viale_Firenze","CO","mg/m³","07/04/2022","18","0.34","1"
"Potenza_Viale_Firenze","CO","mg/m³","07/04/2022","19","0.35","1"
"Potenza_Viale_Firenze","CO","mg/m³","07/04/2022","20","0.30","1"
"Potenza_Viale_Firenze","CO","mg/m³","07/04/2022","21","0.22","1"
"Potenza_Viale_Firenze","CO","mg/m³","07/04/2022","22","0.24","1"
"Potenza_Viale_Firenze","CO","mg/m³","07/04/2022","23","0.19","1"
"Potenza_Viale_Firenze","CO","mg/m³","07/04/2022","24","0.24","1"
"Potenza_Viale_Firenze","CO","mg/m³","08/04/2022","01","0.17","1"
"Potenza_Viale_Firenze","CO","mg/m³","08/04/2022","02","0.16","1"
"Potenza_Viale_Firenze","CO","mg/m³","08/04/2022","03","0.16","1"
"Potenza_Viale_Firenze","CO","mg/m³","08/04/2022","04","0.15","1"
"Potenza_Viale_Firenze","CO","mg/m³","08/04/2022","05","0.16","1"
"Potenza_Viale_Firenze","CO","mg/m³","08/04/2022","06","0.21","1"
"Potenza_Viale_Firenze","CO","mg/m³","08/04/2022","07","0.32","1"
"Potenza_Viale_Firenze","CO","mg/m³","08/04/2022","08","0.52","1"
"Potenza_Viale_Firenze","CO","mg/m³","08/04/2022","09","0.38","1"
"Potenza_Viale_Firenze","CO","mg/m³","08/04/2022","10","0.27","1"
"Potenza_Viale_Firenze","CO","mg/m³","08/04/2022","11","0.27","1"
"Potenza_Viale_Firenze","CO","mg/m³","08/04/2022","12","0.29","-1"
"Potenza_Viale_Firenze","CO","mg/m³","08/04/2022","13","0.30","1"
"Potenza_Viale_Firenze","CO","mg/m³","08/04/2022","14","0.32","1"
"Potenza_Viale_Firenze","CO","mg/m³","08/04/2022","15","0.29","1"
"Potenza_Viale_Firenze","CO","mg/m³","08/04/2022","16","0.33","1"
"Potenza_Viale_Firenze","CO","mg/m³","08/04/2022","17","0.39","1"
"Potenza_Viale_Firenze","CO","mg/m³","08/04/2022","18","0.34","1"
"Potenza_Viale_Firenze","CO","mg/m³","08/04/2022","19","0.42","1"
"Potenza_Viale_Firenze","CO","mg/m³","08/04/2022","20","0.43","1"
"Potenza_Viale_Firenze","CO","mg/m³","08/04/2022","21","0.36","1"
"Potenza_Viale_Firenze","CO","mg/m³","08/04/2022","22","0.35","1"
"Potenza_Viale_Firenze","CO","mg/m³","08/04/2022","23","0.43","1"
"Potenza_Viale_Firenze","CO","mg/m³","08/04/2022","24","0.23","1"
"Potenza_Viale_Firenze","CO","mg/m³","09/04/2022","01","0.21","1"
"Potenza_Viale_Firenze","CO","mg/m³","09/04/2022","02","0.18","1"
"Potenza_Viale_Firenze","CO","mg/m³","09/04/2022","03","0.18","1"
"Potenza_Viale_Firenze","CO","mg/m³","09/04/2022","04","0.18","1"
"Potenza_Viale_Firenze","CO","mg/m³","09/04/2022","05","0.22","1"
"Potenza_Viale_Firenze","CO","mg/m³","09/04/2022","06","0.30","1"
"Potenza_Viale_Firenze","CO","mg/m³","09/04/2022","07","0.34","1"
"Potenza_Viale_Firenze","CO","mg/m³","09/04/2022","08","0.38","1"
"Potenza_Viale_Firenze","CO","mg/m³","09/04/2022","09","0.35","1"
"Potenza_Viale_Firenze","CO","mg/m³","09/04/2022","10","0.40","1"
"Potenza_Viale_Firenze","CO","mg/m³","09/04/2022","11","0.43","-1"
"Potenza_Viale_Firenze","CO","mg/m³","09/04/2022","12","0.37","1"
"Potenza_Viale_Firenze","CO","mg/m³","09/04/2022","13","0.51","1"
"Potenza_Viale_Firenze","CO","mg/m³","09/04/2022","14","0.32","1"
"Potenza_Viale_Firenze","CO","mg/m³","09/04/2022","15","0.28","1"
"Potenza_Viale_Firenze","CO","mg/m³","09/04/2022","16","0.30","1"
"Potenza_Viale_Firenze","CO","mg/m³","09/04/2022","17","0.33","1"
"Potenza_Viale_Firenze","CO","mg/m³","09/04/2022","18","0.41","1"
"Potenza_Viale_Firenze","CO","mg/m³","09/04/2022","19","0.39","1"
"Potenza_Viale_Firenze","CO","mg/m³","09/04/2022","20","0.41","1"
"Potenza_Viale_Firenze","CO","mg/m³","09/04/2022","21","0.28","1"
"Potenza_Viale_Firenze","CO","mg/m³","09/04/2022","22","0.24","1"
"Potenza_Viale_Firenze","CO","mg/m³","09/04/2022","23","0.24","1"
"Potenza_Viale_Firenze","CO","mg/m³","09/04/2022","24","0.22","1"
"Potenza_Viale_Firenze","CO","mg/m³","10/04/2022","01","0.21","1"
"Potenza_Viale_Firenze","CO","mg/m³","10/04/2022","02","0.20","1"
"Potenza_Viale_Firenze","CO","mg/m³","10/04/2022","03","0.20","1"
"Potenza_Viale_Firenze","CO","mg/m³","10/04/2022","04","0.20","1"
"Potenza_Viale_Firenze","CO","mg/m³","10/04/2022","05","0.19","1"
"Potenza_Viale_Firenze","CO","mg/m³","10/04/2022","06","0.20","1"
"Potenza_Viale_Firenze","CO","mg/m³","10/04/2022","07","0.32","1"
"Potenza_Viale_Firenze","CO","mg/m³","10/04/2022","08","0.22","1"
"Potenza_Viale_Firenze","CO","mg/m³","10/04/2022","09","0.28","1"
"Potenza_Viale_Firenze","CO","mg/m³","10/04/2022","10","0.25","-1"
"Potenza_Viale_Firenze","CO","mg/m³","10/04/2022","11","0.28","1"
"Potenza_Viale_Firenze","CO","mg/m³","10/04/2022","12","0.26","1"
"Potenza_Viale_Firenze","CO","mg/m³","10/04/2022","13","0.24","1"
"Potenza_Viale_Firenze","CO","mg/m³","10/04/2022","14","0.25","1"
"Potenza_Viale_Firenze","CO","mg/m³","10/04/2022","15","0.24","1"
"Potenza_Viale_Firenze","CO","mg/m³","10/04/2022","16","0.27","1"
"Potenza_Viale_Firenze","CO","mg/m³","10/04/2022","17","0.31","1"
"Potenza_Viale_Firenze","CO","mg/m³","10/04/2022","18","0.29","1"
"Potenza_Viale_Firenze","CO","mg/m³","10/04/2022","19","0.35","1"
"Potenza_Viale_Firenze","CO","mg/m³","10/04/2022","20","0.35","1"
"Potenza_Viale_Firenze","CO","mg/m³","10/04/2022","21","0.32","1"
"Potenza_Viale_Firenze","CO","mg/m³","10/04/2022","22","0.28","1"
"Potenza_Viale_Firenze","CO","mg/m³","10/04/2022","23","0.24","1"
"Potenza_Viale_Firenze","CO","mg/m³","10/04/2022","24","0.22","1"
"Potenza_Viale_Firenze","CO","mg/m³","11/04/2022","01","0.21","1"
"Potenza_Viale_Firenze","CO","mg/m³","11/04/2022","02","0.20","1"
"Potenza_Viale_Firenze","CO","mg/m³","11/04/2022","03","0.21","1"
"Potenza_Viale_Firenze","CO","mg/m³","11/04/2022","04","0.21","1"
"Potenza_Viale_Firenze","CO","mg/m³","11/04/2022","05","0.29","1"
"Potenza_Viale_Firenze","CO","mg/m³","11/04/2022","06","0.42","1"
"Potenza_Viale_Firenze","CO","mg/m³","11/04/2022","07","0.73","1"
"Potenza_Viale_Firenze","CO","mg/m³","11/04/2022","08","0.48","1"
"Potenza_Viale_Firenze","CO","mg/m³","11/04/2022","09","0.38","-1"
"Potenza_Viale_Firenze","CO","mg/m³","11/04/2022","10","0.34","1"
"Potenza_Viale_Firenze","CO","mg/m³","11/04/2022","11","0.39","1"
"Potenza_Viale_Firenze","CO","mg/m³","11/04/2022","12","0.36","1"
"Potenza_Viale_Firenze","CO","mg/m³","11/04/2022","13","0.39","1"
"Potenza_Viale_Firenze","CO","mg/m³","11/04/2022","14","0.37","1"
"Potenza_Viale_Firenze","CO","mg/m³","11/04/2022","15","0.39","1"
"Potenza_Viale_Firenze","CO","mg/m³","11/04/2022","16","0.41","1"
"Potenza_Viale_Firenze","CO","mg/m³","11/04/2022","17","0.46","1"
"Potenza_Viale_Firenze","CO","mg/m³","11/04/2022","18","0.54","1"
"Potenza_Viale_Firenze","CO","mg/m³","11/04/2022","19","0.74","1"
"Potenza_Viale_Firenze","CO","mg/m³","11/04/2022","20","0.86","1"
"Potenza_Viale_Firenze","CO","mg/m³","11/04/2022","21","0.74","1"
"Potenza_Viale_Firenze","CO","mg/m³","11/04/2022","22","0.67","1"
"Potenza_Viale_Firenze","CO","mg/m³","11/04/2022","23","0.67","1"
"Potenza_Viale_Firenze","CO","mg/m³","11/04/2022","24","0.55","1"
"Potenza_Viale_Firenze","CO","mg/m³","12/04/2022","01","0.49","1"
"Potenza_Viale_Firenze","CO","mg/m³","12/04/2022","02","0.45","1"
"Potenza_Viale_Firenze","CO","mg/m³","12/04/2022","03","0.35","1"
"Potenza_Viale_Firenze","CO","mg/m³","12/04/2022","04","0.38","1"
"Potenza_Viale_Firenze","CO","mg/m³","12/04/2022","05","0.36","1"
"Potenza_Viale_Firenze","CO","mg/m³","12/04/2022","06","0.61","1"
"Potenza_Viale_Firenze","CO","mg/m³","12/04/2022","07","1.36","1"
"Potenza_Viale_Firenze","CO","mg/m³","12/04/2022","08","0.86","-1"
"Potenza_Viale_Firenze","CO","mg/m³","12/04/2022","09","0.75","1"
"Potenza_Viale_Firenze","CO","mg/m³","12/04/2022","10","0.61","1"
"Potenza_Viale_Firenze","CO","mg/m³","12/04/2022","11","0.44","1"
"Potenza_Viale_Firenze","CO","mg/m³","12/04/2022","12","0.44","1"
"Potenza_Viale_Firenze","CO","mg/m³","12/04/2022","13","0.54","1"
"Potenza_Viale_Firenze","CO","mg/m³","12/04/2022","14","0.41","1"
"Potenza_Viale_Firenze","CO","mg/m³","12/04/2022","15","0.41","1"
"Potenza_Viale_Firenze","CO","mg/m³","12/04/2022","16","0.43","1"
"Potenza_Viale_Firenze","CO","mg/m³","12/04/2022","17","0.50","1"
"Potenza_Viale_Firenze","CO","mg/m³","12/04/2022","18","0.50","1"
"Potenza_Viale_Firenze","CO","mg/m³","12/04/2022","19","0.59","1"
"Potenza_Viale_Firenze","CO","mg/m³","12/04/2022","20","0.78","1"
"Potenza_Viale_Firenze","CO","mg/m³","12/04/2022","21","0.49","1"
"Potenza_Viale_Firenze","CO","mg/m³","12/04/2022","22","0.56","1"
"Potenza_Viale_Firenze","CO","mg/m³","12/04/2022","23","0.56","1"
"Potenza_Viale_Firenze","CO","mg/m³","12/04/2022","24","0.46","1"
"Potenza_Viale_Firenze","CO","mg/m³","13/04/2022","01","0.48","1"
"Potenza_Viale_Firenze","CO","mg/m³","13/04/2022","02","0.37","1"
"Potenza_Viale_Firenze","CO","mg/m³","13/04/2022","03","0.34","1"
"Potenza_Viale_Firenze","CO","mg/m³","13/04/2022","04","0.35","1"
"Potenza_Viale_Firenze","CO","mg/m³","13/04/2022","05","0.36","1"
"Potenza_Viale_Firenze","CO","mg/m³","13/04/2022","06","0.53","1"
"Potenza_Viale_Firenze","CO","mg/m³","13/04/2022","07","1.18","-1"
"Potenza_Viale_Firenze","CO","mg/m³","13/04/2022","08","1.25","1"
"Potenza_Viale_Firenze","CO","mg/m³","13/04/2022","09","0.72","1"
"Potenza_Viale_Firenze","CO","mg/m³","13/04/2022","10","0.52","1"
"Potenza_Viale_Firenze","CO","mg/m³","13/04/2022","11","0.47","1"
"Potenza_Viale_Firenze","CO","mg/m³","13/04/2022","12","0.48","1"
"Potenza_Viale_Firenze","CO","mg/m³","13/04/2022","13","0.50","1"
"Potenza_Viale_Firenze","CO","mg/m³","13/04/2022","14","0.46","1"
"Potenza_Viale_Firenze","CO","mg/m³","13/04/2022","15","0.47","1"
"Potenza_Viale_Firenze","CO","mg/m³","13/04/2022","16","0.46","1"
"Potenza_Viale_Firenze","CO","mg/m³","13/04/2022","17","0.49","1"
"Potenza_Viale_Firenze","CO","mg/m³","13/04/2022","18","0.53","1"
"Potenza_Viale_Firenze","CO","mg/m³","13/04/2022","19","0.67","1"
"Potenza_Viale_Firenze","CO","mg/m³","13/04/2022","20","0.59","1"
"Potenza_Viale_Firenze","CO","mg/m³","13/04/2022","21","0.64","1"
"Potenza_Viale_Firenze","CO","mg/m³","13/04/2022","22","0.64","1"
"Potenza_Viale_Firenze","CO","mg/m³","13/04/2022","23","0.50","1"
"Potenza_Viale_Firenze","CO","mg/m³","13/04/2022","24","0.44","1"
"Potenza_Viale_Firenze","CO","mg/m³","14/04/2022","01","0.37","1"
"Potenza_Viale_Firenze","CO","mg/m³","14/04/2022","02","0.36","1"
"Potenza_Viale_Firenze","CO","mg/m³","14/04/2022","03","0.35","1"
"Potenza_Viale_Firenze","CO","mg/m³","14/04/2022","04","0.31","1"
"Potenza_Viale_Firenze","CO","mg/m³","14/04/2022","05","0.29","1"
"Potenza_Viale_Firenze","CO","mg/m³","14/04/2022","06","0.61","-1"
"Potenza_Viale_Firenze","CO","mg/m³","14/04/2022","07","0.73","1"
"Potenza_Viale_Firenze","CO","mg/m³","14/04/2022","08","0.78","1"
"Potenza_Viale_Firenze","CO","mg/m³","14/04/2022","09","0.53","1"
"Potenza_Viale_Firenze","CO","mg/m³","14/04/2022","10","0.46","1"
"Potenza_Viale_Firenze","CO","mg/m³","14/04/2022","11","0.44","1"
"Potenza_Viale_Firenze","CO","mg/m³","14/04/2022","12","0.44","1"
"Potenza_Viale_Firenze","CO","mg/m³","14/04/2022","13","0.40","1"
"Potenza_Viale_Firenze","CO","mg/m³","14/04/2022","14","0.37","1"
"Potenza_Viale_Firenze","CO","mg/m³","14/04/2022","15","0.39","1"
"Potenza_Viale_Firenze","CO","mg/m³","14/04/2022","16","0.43","1"
"Potenza_Viale_Firenze","CO","mg/m³","14/04/2022","17","0.43","1"
"Potenza_Viale_Firenze","CO","mg/m³","14/04/2022","18","0.50","1"
"Potenza_Viale_Firenze","CO","mg/m³","14/04/2022","19","0.67","1"
"Potenza_Viale_Firenze","CO","mg/m³","14/04/2022","20","0.71","1"
"Potenza_Viale_Firenze","CO","mg/m³","14/04/2022","21","0.67","1"
"Potenza_Viale_Firenze","CO","mg/m³","14/04/2022","22","0.63","1"
"Potenza_Viale_Firenze","CO","mg/m³","14/04/2022","23","0.55","1"
"Potenza_Viale_Firenze","CO","mg/m³","14/04/2022","24","0.55","1"
"Potenza_Viale_Firenze","CO","mg/m³","15/04/2022","01","0.38","1"
"Potenza_Viale_Firenze","CO","mg/m³","15/04/2022","02","0.36","1"
"Potenza_Viale_Firenze","CO","mg/m³","15/04/2022","03","0.33","1"
"Potenza_Viale_Firenze","CO","mg/m³","15/04/2022","04","0.34","1"
"Potenza_Viale_Firenze","CO","mg/m³","15/04/2022","05","0.39","-1"
"Potenza_Viale_Firenze","CO","mg/m³","15/04/2022","06","0.52","1"
"Potenza_Viale_Firenze","CO","mg/m³","15/04/2022","07","1.15","1"
"Potenza_Viale_Firenze","CO","mg/m³","15/04/2022","08","1.00","1"
"Potenza_Viale_Firenze","CO","mg/m³","15/04/2022","09","0.71","1"
"Potenza_Viale_Firenze","CO","mg/m³","15/04/2022","10","0.59","1"
"Potenza_Viale_Firenze","CO","mg/m³","15/04/2022","11","0.59","1"
"Potenza_Viale_Firenze","CO","mg/m³","15/04/2022","12","0.46","1"
"Potenza_Viale_Firenze","CO","mg/m³","15/04/2022","13","0.43","1"
"Potenza_Viale_Firenze","CO","mg/m³","15/04/2022","14","0.40","1"
"Potenza_Viale_Firenze","CO","mg/m³","15/04/2022","15","0.39","1"
"Potenza_Viale_Firenze","CO","mg/m³","15/04/2022","16","0.44","1"
"Potenza_Viale_Firenze","CO","mg/m³","15/04/2022","17","0.51","1"
"Potenza_Viale_Firenze","CO","mg/m³","15/04/2022","18","0.54","1"
"Potenza_Viale_Firenze","CO","mg/m³","15/04/2022","19","0.62","1"
"Potenza_Viale_Firenze","CO","mg/m³","15/04/2022","20","0.61","1"
"Potenza_Viale_Firenze","CO","mg/m³","15/04/2022","21","0.54","1"
"Potenza_Viale_Firenze","CO","mg/m³","15/04/2022","22","0.56","1"
"Potenza_Viale_Firenze","CO","mg/m³","15/04/2022","23","0.74","1"
"Potenza_Viale_Firenze","CO","mg/m³","15/04/2022","24","0.50","1"
"Potenza_Viale_Firenze","CO","mg/m³","16/04/2022","01","0.46","1"
"Potenza_Viale_Firenze","CO","mg/m³","16/04/2022","02","0.44","1"
"Potenza_Viale_Firenze","CO","mg/m³","16/04/2022","03","0.38","1"
"Potenza_Viale_Firenze","CO","mg/m³","16/04/2022","04","0.35","-1"
"Potenza_Viale_Firenze","CO","mg/m³","16/04/2022","05","0.34","1"
"Potenza_Viale_Firenze","CO","mg/m³","16/04/2022","06","0.48","1"
"Potenza_Viale_Firenze","CO","mg/m³","16/04/2022","07","0.54","1"
"Potenza_Viale_Firenze","CO","mg/m³","16/04/2022","08","0.64","1"
"Potenza_Viale_Firenze","CO","mg/m³","16/04/2022","09","0.71","1"
"Potenza_Viale_Firenze","CO","mg/m³","16/04/2022","10","0.46","1"
"Potenza_Viale_Firenze","CO","mg/m³","16/04/2022","11","0.56","1"
"Potenza_Viale_Firenze","CO","mg/m³","16/04/2022","12","0.49","1"
"Potenza_Viale_Firenze","CO","mg/m³","16/04/2022","13","0.46","1"
"Potenza_Viale_Firenze","CO","mg/m³","16/04/2022","14","0.42","1"
"Potenza_Viale_Firenze","CO","mg/m³","16/04/2022","15","0.39","1"
"Potenza_Viale_Firenze","CO","mg/m³","16/04/2022","16","0.41","1"
"Potenza_Viale_Firenze","CO","mg/m³","16/04/2022","17","0.46","1"
"Potenza_Viale_Firenze","CO","mg/m³","16/04/2022","18","0.46","1"
"Potenza_Viale_Firenze","CO","mg/m³","16/04/2022","19","0.46","1"
"Potenza_Viale_Firenze","CO","mg/m³","16/04/2022","20","0.46","1"
"Potenza_Viale_Firenze","CO","mg/m³","16/04/2022","21","0.39","1"
"Potenza_Viale_Firenze","CO","mg/m³","16/04/2022","22","0.36","1"
"Potenza_Viale_Firenze","CO","mg/m³","16/04/2022","23","0.33","1"
"Potenza_Viale_Firenze","CO","mg/m³","16/04/2022","24","0.32","1"
"Potenza_Viale_Firenze","CO","mg/m³","17/04/2022","01","0.27","1"
"Potenza_Viale_Firenze","CO","mg/m³","17/04/2022","02","0.26","1"
"Potenza_Viale_Firenze","CO","mg/m³","17/04/2022","03","0.25","-1"
"Potenza_Viale_Firenze","CO","mg/m³","17/04/2022","04","0.26","1"
"Potenza_Viale_Firenze","CO","mg/m³","17/04/2022","05","0.26","1"
"Potenza_Viale_Firenze","CO","mg/m³","17/04/2022","06","0.27","1"
"Potenza_Viale_Firenze","CO","mg/m³","17/04/2022","07","0.27","1"
"Potenza_Viale_Firenze","CO","mg/m³","17/04/2022","08","0.29","1"
"Potenza_Viale_Firenze","CO","mg/m³","17/04/2022","09","0.31","1"
"Potenza_Viale_Firenze","CO","mg/m³","17/04/2022","10","0.32","1"
"Potenza_Viale_Firenze","CO","mg/m³","17/04/2022","11","0.35","1"
"Potenza_Viale_Firenze","CO","mg/m³","17/04/2022","12","0.37","1"
"Potenza_Viale_Firenze","CO","mg/m³","17/04/2022","13","0.35","1"
"Potenza_Viale_Firenze","CO","mg/m³","17/04/2022","14","0.28","1"
"Potenza_Viale_Firenze","CO","mg/m³","17/04/2022","15","0.26","1"
"Potenza_Viale_Firenze","CO","mg/m³","17/04/2022","16","0.26","1"
"Potenza_Viale_Firenze","CO","mg/m³","17/04/2022","17","0.28","1"
"Potenza_Viale_Firenze","CO","mg/m³","17/04/2022","18","0.32","1"
"Potenza_Viale_Firenze","CO","mg/m³","17/04/2022","19","0.33","1"
"Potenza_Viale_Firenze","CO","mg/m³","17/04/2022","20","0.35","1"
"Potenza_Viale_Firenze","CO","mg/m³","17/04/2022","21","0.29","1"
"Potenza_Viale_Firenze","CO","mg/m³","17/04/2022","22","0.31","1"
"Potenza_Viale_Firenze","CO","mg/m³","17/04/2022","23","0.26","1"
"Potenza_Viale_Firenze","CO","mg/m³","17/04/2022","24","0.24","1"
"Potenza_Viale_Firenze","CO","mg/m³","18/04/2022","01","0.22","1"
"Potenza_Viale_Firenze","CO","mg/m³","18/04/2022","02","0.23","-1"
"Potenza_Viale_Firenze","CO","mg/m³","18/04/2022","03","0.24","1"
"Potenza_Viale_Firenze","CO","mg/m³","18/04/2022","04","0.23","1"
"Potenza_Viale_Firenze","CO","mg/m³","18/04/2022","05","0.24","1"
"Potenza_Viale_Firenze","CO","mg/m³","18/04/2022","06","0.25","1"
"Potenza_Viale_Firenze","CO","mg/m³","18/04/2022","07","0.25","1"
"Potenza_Viale_Firenze","CO","mg/m³","18/04/2022","08","0.27","1"
"Potenza_Viale_Firenze","CO","mg/m³","18/04/2022","09","0.30","1"
"Potenza_Viale_Firenze","CO","mg/m³","18/04/2022","10","0.33","1"
"Potenza_Viale_Firenze","CO","mg/m³","18/04/2022","11","0.33","1"
"Potenza_Viale_Firenze","CO","mg/m³","18/04/2022","12","0.33","1"
"Potenza_Viale_Firenze","CO","mg/m³","18/04/2022","13","0.31","1"
"Potenza_Viale_Firenze","CO","mg/m³","18/04/2022","14","0.28","1"
"Potenza_Viale_Firenze","CO","mg/m³","18/04/2022","15","0.29","1"
"Potenza_Viale_Firenze","CO","mg/m³","18/04/2022","16","0.30","1"
"Potenza_Viale_Firenze","CO","mg/m³","18/04/2022","17","0.31","1"
"Potenza_Viale_Firenze","CO","mg/m³","18/04/2022","18","0.37","1"
"Potenza_Viale_Firenze","CO","mg/m³","18/04/2022","19","0.41","1"
"Potenza_Viale_Firenze","CO","mg/m³","18/04/2022","20","0.43","1"
"Potenza_Viale_Firenze","CO","mg/m³","18/04/2022","21","0.40","1"
"Potenza_Viale_Firenze","CO","mg/m³","18/04/2022","22","0.29","1"
"Potenza_Viale_Firenze","CO","mg/m³","18/04/2022","23","0.31","1"
"Potenza_Viale_Firenze","CO","mg/m³","18/04/2022","24","0.32","1"
"Potenza_Viale_Firenze","CO","mg/m³","19/04/2022","01","0.30","-1"
"Potenza_Viale_Firenze","CO","mg/m³","19/04/2022","02","0.29","1"
"Potenza_Viale_Firenze","CO","mg/m³","19/04/2022","03","0.26","1"
"Potenza_Viale_Firenze","CO","mg/m³","19/04/2022","04","0.27","1"
"Potenza_Viale_Firenze","CO","mg/m³","19/04/2022","05","0.33","1"
"Potenza_Viale_Firenze","CO","mg/m³","19/04/2022","06","0.51","1"
"Potenza_Viale_Firenze","CO","mg/m³","19/04/2022","07","0.69","1"
"Potenza_Viale_Firenze","CO","mg/m³","19/04/2022","08","0.45","1"
"Potenza_Viale_Firenze","CO","mg/m³","19/04/2022","09","0.44","1"
"Potenza_Viale_Firenze","CO","mg/m³","19/04/2022","10","0.45","1"
"Potenza_Viale_Firenze","CO","mg/m³","19/04/2022","11","0.41","1"
"Potenza_Viale_Firenze","CO","mg/m³","19/04/2022","12","0.44","1"
"Potenza_Viale_Firenze","CO","mg/m³","19/04/2022","13","0.52","1"
"Potenza_Viale_Firenze","CO","mg/m³","19/04/2022","14","0.39","1"
"Potenza_Viale_Firenze","CO","mg/m³","19/04/2022","15","0.38","1"
"Potenza_Viale_Firenze","CO","mg/m³","19/04/2022","16","0.36","1"
"Potenza_Viale_Firenze","CO","mg/m³","19/04/2022","17","0.39","1"
"Potenza_Viale_Firenze","CO","mg/m³","19/04/2022","18","0.47","1"
"Potenza_Viale_Firenze","CO","mg/m³","19/04/2022","19","0.44","1"
"Potenza_Viale_Firenze","CO","mg/m³","19/04/2022","20","0.56","1"
"Potenza_Viale_Firenze","CO","mg/m³","19/04/2022","21","0.35","1"
"Potenza_Viale_Firenze","CO","mg/m³","19/04/2022","22","0.31","1"
"Potenza_Viale_Firenze","CO","mg/m³","19/04/2022","23","0.30","1"
"Potenza_Viale_Firenze","CO","mg/m³","19/04/2022","24","0.29","-1"
"Potenza_Viale_Firenze","CO","mg/m³","20/04/2022","01","0.26","1"
"Potenza_Viale_Firenze","CO","mg/m³","20/04/2022","02","0.26","1"
"Potenza_Viale_Firenze","CO","mg/m³","20/04/2022","03","0.26","1"
"Potenza_Viale_Firenze","CO","mg/m³","20/04/2022","04","0.25","1"
"Potenza_Viale_Firenze","CO","mg/m³","20/04/2022","05","0.28","1"
"Potenza_Viale_Firenze","CO","mg/m³","20/04/2022","06","0.33","1"
"Potenza_Viale_Firenze","CO","mg/m³","20/04/2022","07","0.64","1"
"Potenza_Viale_Firenze","CO","mg/m³","20/04/2022","08","0.52","1"
"Potenza_Viale_Firenze","CO","mg/m³","20/04/2022","09","0.40","1"
"Potenza_Viale_Firenze","CO","mg/m³","20/04/2022","10","0.39","1"
"Potenza_Viale_Firenze","CO","mg/m³","20/04/2022","11","0.44","1"
"Potenza_Viale_Firenze","CO","mg/m³","20/04/2022","12","0.45","1"
"Potenza_Viale_Firenze","CO","mg/m³","20/04/2022","13","0.48","1"
"Potenza_Viale_Firenze","CO","mg/m³","20/04/2022","14","0.42","1"
"Potenza_Viale_Firenze","CO","mg/m³","20/04/2022","15","0.39","1"
"Potenza_Viale_Firenze","CO","mg/m³","20/04/2022","16","0.38","1"
"Potenza_Viale_Firenze","CO","mg/m³","20/04/2022","17","0.48","1"
"Potenza_Viale_Firenze","CO","mg/m³","20/04/2022","18","0.54","1"
"Potenza_Viale_Firenze","CO","mg/m³","20/04/2022","19","0.54","1"
"Potenza_Viale_Firenze","CO","mg/m³","20/04/2022","20","0.45","1"
"Potenza_Viale_Firenze","CO","mg/m³","20/04/2022","21","0.39","1"
"Potenza_Viale_Firenze","CO","mg/m³","20/04/2022","22","0.34","1"
"Potenza_Viale_Firenze","CO","mg/m³","20/04/2022","23","0.32","1"
"Potenza_Viale_Firenze","CO","mg/m³","20/04/2022","24","0.40","-1"
"Potenza_Viale_Firenze","CO","mg/m³","21/04/2022","01","0.31","1"
"Potenza_Viale_Firenze","CO","mg/m³","21/04/2022","02","0.29","1"
"Potenza_Viale_Firenze","CO","mg/m³","21/04/2022","03","0.28","1"
"Potenza_Viale_Firenze","CO","mg/m³","21/04/2022","04","0.25","1"
"Potenza_Viale_Firenze","CO","mg/m³","21/04/2022","05","0.27","1"
"Potenza_Viale_Firenze","CO","mg/m³","21/04/2022","06","0.42","1"
"Potenza_Viale_Firenze","CO","mg/m³","21/04/2022","07","0.50","1"
"Potenza_Viale_Firenze","CO","mg/m³","21/04/2022","08","0.53","1"
"Potenza_Viale_Firenze","CO","mg/m³","21/04/2022","09","0.47","1"
"Potenza_Viale_Firenze","CO","mg/m³","21/04/2022","10","0.49","1"
"Potenza_Viale_Firenze","CO","mg/m³","21/04/2022","11","0.44","1"
"Potenza_Viale_Firenze","CO","mg/m³","21/04/2022","12","0.42","1"
"Potenza_Viale_Firenze","CO","mg/m³","21/04/2022","13","0.41","1"
"Potenza_Viale_Firenze","CO","mg/m³","21/04/2022","14","0.36","1"
"Potenza_Viale_Firenze","CO","mg/m³","21/04/2022","15","0.37","1"
"Potenza_Viale_Firenze","CO","mg/m³","21/04/2022","16","0.37","1"
"Potenza_Viale_Firenze","CO","mg/m³","21/04/2022","17","0.41","1"
"Potenza_Viale_Firenze","CO","mg/m³","21/04/2022","18","0.38","1"
"Potenza_Viale_Firenze","CO","mg/m³","21/04/2022","19","0.54","1"
"Potenza_Viale_Firenze","CO","mg/m³","21/04/2022","20","0.43","1"
"Potenza_Viale_Firenze","CO","mg/m³","21/04/2022","21","0.31","1"
"Potenza_Viale_Firenze","CO","mg/m³","21/04/2022","22","0.30","1"
"Potenza_Viale_Firenze","CO","mg/m³","21/04/2022","23","0.31","-1"
"Potenza_Viale_Firenze","CO","mg/m³","21/04/2022","24","0.25","1"
"Potenza_Viale_Firenze","CO","mg/m³","22/04/2022","01","0.21","1"
"Potenza_Viale_Firenze","CO","mg/m³","22/04/2022","02","0.20","1"
"Potenza_Viale_Firenze","CO","mg/m³","22/04/2022","03","0.20","1"
"Potenza_Viale_Firenze","CO","mg/m³","22/04/2022","04","0.20","1"
"Potenza_Viale_Firenze","CO","mg/m³","22/04/2022","05","0.19","1"
"Potenza_Viale_Firenze","CO","mg/m³","22/04/2022","06","0.25","1"
"Potenza_Viale_Firenze","CO","mg/m³","22/04/2022","07","0.35","1"
"Potenza_Viale_Firenze","CO","mg/m³","22/04/2022","08","0.43","1"
"Potenza_Viale_Firenze","CO","mg/m³","22/04/2022","09","0.36","1"
"Potenza_Viale_Firenze","CO","mg/m³","22/04/2022","10","0.36","1"
"Potenza_Viale_Firenze","CO","mg/m³","22/04/2022","11","0.36","1"
"Potenza_Viale_Firenze","CO","mg/m³","22/04/2022","12","0.38","1"
"Potenza_Viale_Firenze","CO","mg/m³","22/04/2022","13","0.36","1"
"Potenza_Viale_Firenze","CO","mg/m³","22/04/2022","14","0.36","1"
"Potenza_Viale_Firenze","CO","mg/m³","22/04/2022","15","0.33","1"
"Potenza_Viale_Firenze","CO","mg/m³","22/04/2022","16","0.38","1"
"Potenza_Viale_Firenze","CO","mg/m³","22/04/2022","17","0.40","1"
"Potenza_Viale_Firenze","CO","mg/m³","22/04/2022","18","0.41","1"
"Potenza_Viale_Firenze","CO","mg/m³","22/04/2022","19","0.50","1"
"Potenza_Viale_Firenze","CO","mg/m³","22/04/2022","20","0.56","1"
"Potenza_Viale_Firenze","CO","mg/m³","22/04/2022","21","0.35","1"
"Potenza_Viale_Firenze","CO","mg/m³","22/04/2022","22","0.29","-1"
"Potenza_Viale_Firenze","CO","mg/m³","22/04/2022","23","0.26","1"
"Potenza_Viale_Firenze","CO","mg/m³","22/04/2022","24","0.24","1"
"Potenza_Viale_Firenze","CO","mg/m³","23/04/2022","01","0.23","1"
"Potenza_Viale_Firenze","CO","mg/m³","23/04/2022","02","0.21","1"
"Potenza_Viale_Firenze","CO","mg/m³","23/04/2022","03","0.21","1"
"Potenza_Viale_Firenze","CO","mg/m³","23/04/2022","04","0.20","1"
"Potenza_Viale_Firenze","CO","mg/m³","23/04/2022","05","0.23","1"
"Potenza_Viale_Firenze","CO","mg/m³","23/04/2022","06","0.26","1"
"Potenza_Viale_Firenze","CO","mg/m³","23/04/2022","07","0.29","1"
"Potenza_Viale_Firenze","CO","mg/m³","23/04/2022","08","0.30","1"
"Potenza_Viale_Firenze","CO","mg/m³","23/04/2022","09","0.34","1"
"Potenza_Viale_Firenze","CO","mg/m³","23/04/2022","10","0.31","1"
"Potenza_Viale_Firenze","CO","mg/m³","23/04/2022","11","0.34","1"
"Potenza_Viale_Firenze","CO","mg/m³","23/04/2022","12","0.33","1"
"Potenza_Viale_Firenze","CO","mg/m³","23/04/2022","13","0.43","1"
"Potenza_Viale_Firenze","CO","mg/m³","23/04/2022","14","0.34","1"
"Potenza_Viale_Firenze","CO","mg/m³","23/04/2022","15","0.32","1"
"Potenza_Viale_Firenze","CO","mg/m³","23/04/2022","16","0.32","1"
"Potenza_Viale_Firenze","CO","mg/m³","23/04/2022","17","0.40","1"
"Potenza_Viale_Firenze","CO","mg/m³","23/04/2022","18","0.40","1"
"Potenza_Viale_Firenze","CO","mg/m³","23/04/2022","19","0.42","1"
"Potenza_Viale_Firenze","CO","mg/m³","23/04/2022","20","0.47","1"
"Potenza_Viale_Firenze","CO","mg/m³","23/04/2022","21","0.54","-1"
"Potenza_Viale_Firenze","CO","mg/m³","23/04/2022","22","0.64","1"
"Potenza_Viale_Firenze","CO","mg/m³","23/04/2022","23","0.64","1"
"Potenza_Viale_Firenze","CO","mg/m³","23/04/2022","24","0.54","1"
"Potenza_Viale_Firenze","CO","mg/m³","24/04/2022","01","0.49","1"
"Potenza_Viale_Firenze","CO","mg/m³","24/04/2022","02","0.42","1"
"Potenza_Viale_Firenze","CO","mg/m³","24/04/2022","03","0.31","1"
"Potenza_Viale_Firenze","CO","mg/m³","24/04/2022","04","0.27","1"
"Potenza_Viale_Firenze","CO","mg/m³","24/04/2022","05","0.24","1"
"Potenza_Viale_Firenze","CO","mg/m³","24/04/2022","06","0.28","1"
"Potenza_Viale_Firenze","CO","mg/m³","24/04/2022","07","0.56","1"
"Potenza_Viale_Firenze","CO","mg/m³","24/04/2022","08","0.43","1"
"Potenza_Viale_Firenze","CO","mg/m³","24/04/2022","09","0.38","1"
"Potenza_Viale_Firenze","CO","mg/m³","24/04/2022","10","0.37","1"
"Potenza_Viale_Firenze","CO","mg/m³","24/04/2022","11","0.40","1"
"Potenza_Viale_Firenze","CO","mg/m³","24/04/2022","12","0.40","1"
"Potenza_Viale_Firenze","CO","mg/m³","24/04/2022","13","0.33","1"
"Potenza_Viale_Firenze","CO","mg/m³","24/04/2022","14","0.28","1"
"Potenza_Viale_Firenze","CO","mg/m³","24/04/2022","15","0.30","1"
"Potenza_Viale_Firenze","CO","mg/m³","24/04/2022","16","0.29","1"
"Potenza_Viale_Firenze","CO","mg/m³","24/04/2022","17","0.32","1"
"Potenza_Viale_Firenze","CO","mg/m³","24/04/2022","18","0.35","1"
"Potenza_Viale_Firenze","CO","mg/m³","24/04/2022","19","0.47","1"
"Potenza_Viale_Firenze","CO","mg/m³","24/04/2022","20","0.44","-1"
"Potenza_Viale_Firenze","CO","mg/m³","24/04/2022","21","0.35","1"
"Potenza_Viale_Firenze","CO","mg/m³","24/04/2022","22","0.32","1"
"Potenza_Viale_Firenze","CO","mg/m³","24/04/2022","23","0.31","1"
"Potenza_Viale_Firenze","CO","mg/m³","24/04/2022","24","0.28","1"
"Potenza_Viale_Firenze","CO","mg/m³","25/04/2022","01","0.27","1"
"Potenza_Viale_Firenze","CO","mg/m³","25/04/2022","02","0.25","1"
"Potenza_Viale_Firenze","CO","mg/m³","25/04/2022","03","0.25","1"
"Potenza_Viale_Firenze","CO","mg/m³","25/04/2022","04","0.23","1"
"Potenza_Viale_Firenze","CO","mg/m³","25/04/2022","05","0.22","1"
"Potenza_Viale_Firenze","CO","mg/m³","25/04/2022","06","0.30","1"
"Potenza_Viale_Firenze","CO","mg/m³","25/04/2022","07","0.33","1"
"Potenza_Viale_Firenze","CO","mg/m³","25/04/2022","08","0.29","1"
"Potenza_Viale_Firenze","CO","mg/m³","25/04/2022","09","0.32","1"
"Potenza_Viale_Firenze","CO","mg/m³","25/04/2022","10","0.34","1"
"Potenza_Viale_Firenze","CO","mg/m³","25/04/2022","11","0.38","1"
"Potenza_Viale_Firenze","CO","mg/m³","25/04/2022","12","0.39","1"
"Potenza_Viale_Firenze","CO","mg/m³","25/04/2022","13","0.33","1"
"Potenza_Viale_Firenze","CO","mg/m³","25/04/2022","14","0.29","1"
"Potenza_Viale_Firenze","CO","mg/m³","25/04/2022","15","0.28","1"
"Potenza_Viale_Firenze","CO","mg/m³","25/04/2022","16","0.28","1"
"Potenza_Viale_Firenze","CO","mg/m³","25/04/2022","17","0.33","1"
"Potenza_Viale_Firenze","CO","mg/m³","25/04/2022","18","0.34","1"
"Potenza_Viale_Firenze","CO","mg/m³","25/04/2022","19","0.43","-1"
"Potenza_Viale_Firenze","CO","mg/m³","25/04/2022","20","0.40","1"
"Potenza_Viale_Firenze","CO","mg/m³","25/04/2022","21","0.42","1"
"Potenza_Viale_Firenze","CO","mg/m³","25/04/2022","22","0.37","1"
"Potenza_Viale_Firenze","CO","mg/m³","25/04/2022","23","0.42","1"
"Potenza_Viale_Firenze","CO","mg/m³","25/04/2022","24","0.41","1"
"Potenza_Viale_Firenze","CO","mg/m³","26/04/2022","01","0.32","1"
"Potenza_Viale_Firenze","CO","mg/m³","26/04/2022","02","0.28","1"
"Potenza_Viale_Firenze","CO","mg/m³","26/04/2022","03","0.28","1"
"Potenza_Viale_Firenze","CO","mg/m³","26/04/2022","04","0.29","1"
"Potenza_Viale_Firenze","CO","mg/m³","26/04/2022","05","0.29","1"
"Potenza_Viale_Firenze","CO","mg/m³","26/04/2022","06","0.52","1"
"Potenza_Viale_Firenze","CO","mg/m³","26/04/2022","07","0.71","1"
"Potenza_Viale_Firenze","CO","mg/m³","26/04/2022","08","0.47","1"
"Potenza_Viale_Firenze","CO","mg/m³","26/04/2022","09","0.37","1"
"Potenza_Viale_Firenze","CO","mg/m³","26/04/2022","10","0.42","1"
"Potenza_Viale_Firenze","CO","mg/m³","26/04/2022","11","0.39","1"
"Potenza_Viale_Firenze","CO","mg/m³","26/04/2022","12","0.45","1"
"Potenza_Viale_Firenze","CO","mg/m³","26/04/2022","13","0.43","1"
"Potenza_Viale_Firenze","CO","mg/m³","26/04/2022","14","0.39","1"
"Potenza_Viale_Firenze","CO","mg/m³","26/04/2022","15","0.38","1"
"Potenza_Viale_Firenze","CO","mg/m³","26/04/2022","16","0.36","1"
"Potenza_Viale_Firenze","CO","mg/m³","26/04/2022","17","0.37","1"
"Potenza_Viale_Firenze","CO","mg/m³","26/04/2022","18","0.38","-1"
"Potenza_Viale_Firenze","CO","mg/m³","26/04/2022","19","0.41","1"
"Potenza_Viale_Firenze","CO","mg/m³","26/04/2022","20","0.96","1"
"Potenza_Viale_Firenze","CO","mg/m³","26/04/2022","21","0.66","1"
"Potenza_Viale_Firenze","CO","mg/m³","26/04/2022","22","0.60","1"
"Potenza_Viale_Firenze","CO","mg/m³","26/04/2022","23","0.52","1"
"Potenza_Viale_Firenze","CO","mg/m³","26/04/2022","24","0.42","1"
"Potenza_Viale_Firenze","CO","mg/m³","27/04/2022","01","0.35","1"
"Potenza_Viale_Firenze","CO","mg/m³","27/04/2022","02","0.33","1"
"Potenza_Viale_Firenze","CO","mg/m³","27/04/2022","03","0.29","1"
"Potenza_Viale_Firenze","CO","mg/m³","27/04/2022","04","0.29","1"
"Potenza_Viale_Firenze","CO","mg/m³","27/04/2022","05","0.30","1"
"Potenza_Viale_Firenze","CO","mg/m³","27/04/2022","06","0.65","1"
"Potenza_Viale_Firenze","CO","mg/m³","27/04/2022","07","1.04","1"
"Potenza_Viale_Firenze","CO","mg/m³","27/04/2022","08","0.62","1"
"Potenza_Viale_Firenze","CO","mg/m³","27/04/2022","09","0.47","1"
"Potenza_Viale_Firenze","CO","mg/m³","27/04/2022","10","0.46","1"
"Potenza_Viale_Firenze","CO","mg/m³","27/04/2022","11","0.48","1"
"Potenza_Viale_Firenze","CO","mg/m³","27/04/2022","12","0.46","1"
"Potenza_Viale_Firenze","CO","mg/m³","27/04/2022","13","0.45","1"
"Potenza_Viale_Firenze","CO","mg/m³","27/04/2022","14","0.41","1"
"Potenza_Viale_Firenze","CO","mg/m³","27/04/2022","15","0.37","1"
"Potenza_Viale_Firenze","CO","mg/m³","27/04/2022","16","0.41","1"
"Potenza_Viale_Firenze","CO","mg/m³","27/04/2022","17","0.44","-1"
"Potenza_Viale_Firenze","CO","mg/m³","27/04/2022","18","0.47","1"
"Potenza_Viale_Firenze","CO","mg/m³","27/04/2022","19","0.51","1"
"Potenza_Viale_Firenze","CO","mg/m³","27/04/2022","20","0.52","1"
"Potenza_Viale_Firenze","CO","mg/m³","27/04/2022","21","0.36","1"
"Potenza_Viale_Firenze","CO","mg/m³","27/04/2022","22","0.30","1"
"Potenza_Viale_Firenze","CO","mg/m³","27/04/2022","23","0.31","1"
"Potenza_Viale_Firenze","CO","mg/m³","27/04/2022","24","0.29","1"
"Potenza_Viale_Firenze","CO","mg/m³","28/04/2022","01","0.28","1"
"Potenza_Viale_Firenze","CO","mg/m³","28/04/2022","02","0.28","1"
"Potenza_Viale_Firenze","CO","mg/m³","28/04/2022","03","0.29","1"
"Potenza_Viale_Firenze","CO","mg/m³","28/04/2022","04","0.26","1"
"Potenza_Viale_Firenze","CO","mg/m³","28/04/2022","05","0.28","1"
"Potenza_Viale_Firenze","CO","mg/m³","28/04/2022","06","0.40","1"
"Potenza_Viale_Firenze","CO","mg/m³","28/04/2022","07","0.55","1"
"Potenza_Viale_Firenze","CO","mg/m³","28/04/2022","08","0.44","1"
"Potenza_Viale_Firenze","CO","mg/m³","28/04/2022","09","0.44","1"
"Potenza_Viale_Firenze","CO","mg/m³","28/04/2022","10","0.43","1"
"Potenza_Viale_Firenze","CO","mg/m³","28/04/2022","11","0.43","1"
"Potenza_Viale_Firenze","CO","mg/m³","28/04/2022","12","0.42","1"
"Potenza_Viale_Firenze","CO","mg/m³","28/04/2022","13","0.44","1"
"Potenza_Viale_Firenze","CO","mg/m³","28/04/2022","14","0.42","1"
"Potenza_Viale_Firenze","CO","mg/m³","28/04/2022","15","0.43","1"
"Potenza_Viale_Firenze","CO","mg/m³","28/04/2022","16","0.44","-1"
"Potenza_Viale_Firenze","CO","mg/m³","28/04/2022","17","0.49","1"
"Potenza_Viale_Firenze","CO","mg/m³","28/04/2022","18","0.51","1"
"Potenza_Viale_Firenze","CO","mg/m³","28/04/2022","19","0.46","1"
"Potenza_Viale_Firenze","CO","mg/m³","28/04/2022","20","0.48","1"
"Potenza_Viale_Firenze","CO","mg/m³","28/04/2022","21","0.47","1"
"Potenza_Viale_Firenze","CO","mg/m³","28/04/2022","22","0.37","1"
"Potenza_Viale_Firenze","CO","mg/m³","28/04/2022","23","0.34","1"
"Potenza_Viale_Firenze","CO","mg/m³","28/04/2022","24","0.33","1"
"Potenza_Viale_Firenze","CO","mg/m³","29/04/2022","01","0.31","1"
"Potenza_Viale_Firenze","CO","mg/m³","29/04/2022","02","0.31","1"
"Potenza_Viale_Firenze","CO","mg/m³","29/04/2022","03","0.32","1"
"Potenza_Viale_Firenze","CO","mg/m³","29/04/2022","04","0.31","1"
"Potenza_Viale_Firenze","CO","mg/m³","29/04/2022","05","0.30","1"
"Potenza_Viale_Firenze","CO","mg/m³","29/04/2022","06","0.40","1"
"Potenza_Viale_Firenze","CO","mg/m³","29/04/2022","07","0.43","1"
"Potenza_Viale_Firenze","CO","mg/m³","29/04/2022","08","0.47","1"
"Potenza_Viale_Firenze","CO","mg/m³","29/04/2022","09","0.45","1"
"Potenza_Viale_Firenze","CO","mg/m³","29/04/2022","10","0.46","1"
"Potenza_Viale_Firenze","CO","mg/m³","29/04/2022","11","0.43","1"
"Potenza_Viale_Firenze","CO","mg/m³","29/04/2022","12","0.43","1"
"Potenza_Viale_Firenze","CO","mg/m³","29/04/2022","13","0.46","1"
"Potenza_Viale_Firenze","CO","mg/m³","29/04/2022","14","0.41","1"
"Potenza_Viale_Firenze","CO","mg/m³","29/04/2022","15","0.41","-1"
"Potenza_Viale_Firenze","CO","mg/m³","29/04/2022","16","0.44","1"
"Potenza_Viale_Firenze","CO","mg/m³","29/04/2022","17","0.49","1"
"Potenza_Viale_Firenze","CO","mg/m³","29/04/2022","18","0.56","1"
"Potenza_Viale_Firenze","CO","mg/m³","29/04/2022","19","0.55","1"
"Potenza_Viale_Firenze","CO","mg/m³","29/04/2022","20","0.58","1"
"Potenza_Viale_Firenze","CO","mg/m³","29/04/2022","21","0.52","1"
"Potenza_Viale_Firenze","CO","mg/m³","29/04/2022","22","0.44","1"
"Potenza_Viale_Firenze","CO","mg/m³","29/04/2022","23","0.42","1"
"Potenza_Viale_Firenze","CO","mg/m³","29/04/2022","24","0.47","1"
"Potenza_Viale_Firenze","CO","mg/m³","30/04/2022","01","0.38","1"
"Potenza_Viale_Firenze","CO","mg/m³","30/04/2022","02","0.37","1"
"Potenza_Viale_Firenze","CO","mg/m³","30/04/2022","03","0.32","1"
"Potenza_Viale_Firenze","CO","mg/m³","30/04/2022","04","0.31","1"
"Potenza_Viale_Firenze","CO","mg/m³","30/04/2022","05","0.33","1"
"Potenza_Viale_Firenze","CO","mg/m³","30/04/2022","06","0.54","1"
"Potenza_Viale_Firenze","CO","mg/m³","30/04/2022","07","0.76","1"
"Potenza_Viale_Firenze","CO","mg/m³","30/04/2022","08","0.61","1"
"Potenza_Viale_Firenze","CO","mg/m³","30/04/2022","09","0.47","1"
"Potenza_Viale_Firenze","CO","mg/m³","30/04/2022","10","0.48","1"
"Potenza_Viale_Firenze","CO","mg/m³","30/04/2022","11","0.45","1"
"Potenza_Viale_Firenze","CO","mg/m³","30/04/2022","12","0.48","1"
"Potenza_Viale_Firenze","CO","mg/m³","30/04/2022","13","0.53","1"
"Potenza_Viale_Firenze","CO","mg/m³","30/04/2022","14","0.41","-1"
"Potenza_Viale_Firenze","CO","mg/m³","30/04/2022","15","0.40","1"
"Potenza_Viale_Firenze","CO","mg/m³","30/04/2022","16","0.44","1"
"Potenza_Viale_Firenze","CO","mg/m³","30/04/2022","17","0.49","1"
"Potenza_Viale_Firenze","CO","mg/m³","30/04/2022","18","0.66","1"
"Potenza_Viale_Firenze","CO","mg/m³","30/04/2022","19","0.72","1"
"Potenza_Viale_Firenze","CO","mg/m³","30/04/2022","20","0.79","1"
"Potenza_Viale_Firenze","CO","mg/m³","30/04/2022","21","0.71","1"
"Potenza_Viale_Firenze","CO","mg/m³","30/04/2022","22","0.69","1"
"Potenza_Viale_Firenze","CO","mg/m³","30/04/2022","23","0.66","1"
"Potenza_Viale_Firenze","CO","mg/m³","30/04/2022","24","0.67","1"
"Potenza_Viale_Firenze","CO","mg/m³","01/05/2022","01","0.58","1"
"Potenza_Viale_Firenze","CO","mg/m³","01/05/2022","02","0.52","1"
"Potenza_Viale_Firenze","CO","mg/m³","01/05/2022","03","0.44","1"
"Potenza_Viale_Firenze","CO","mg/m³","01/05/2022","04","0.43","1"
"Potenza_Viale_Firenze","CO","mg/m³","01/05/2022","05","0.37","1"
"Potenza_Viale_Firenze","CO","mg/m³","01/05/2022","06","0.48","1"
"Potenza_Viale_Firenze","CO","mg/m³","01/05/2022","07","0.56","1"
"Potenza_Viale_Firenze","CO","mg/m³","01/05/2022","08","0.51","1"
"Potenza_Viale_Firenze","CO","mg/m³","01/05/2022","09","0.48","1"
"Potenza_Viale_Firenze","CO","mg/m³","01/05/2022","10","0.42","1"
"Potenza_Viale_Firenze","CO","mg/m³","01/05/2022","11","0.42","1"
"Potenza_Viale_Firenze","CO","mg/m³","01/05/2022","12","0.43","1"
"Potenza_Viale_Firenze","CO","mg/m³","01/05/2022","13","0.42","-1"
"Potenza_Viale_Firenze","CO","mg/m³","01/05/2022","14","0.38","1"
"Potenza_Viale_Firenze","CO","mg/m³","01/05/2022","15","0.38","1"
"Potenza_Viale_Firenze","CO","mg/m³","01/05/2022","16","0.37","1"
"Potenza_Viale_Firenze","CO","mg/m³","01/05/2022","17","0.36","1"
"Potenza_Viale_Firenze","CO","mg/m³","01/05/2022","18","0.44","1"
"Potenza_Viale_Firenze","CO","mg/m³","01/05/2022","19","0.43","1"
"Potenza_Viale_Firenze","CO","mg/m³","01/05/2022","20","0.45","1"
"Potenza_Viale_Firenze","CO","mg/m³","01/05/2022","21","0.44","1"
"Potenza_Viale_Firenze","CO","mg/m³","01/05/2022","22","0.39","1"
"Potenza_Viale_Firenze","CO","mg/m³","01/05/2022","23","0.38","1"
"Potenza_Viale_Firenze","CO","mg/m³","01/05/2022","24","0.34","1"
"Potenza_Viale_Firenze","CO","mg/m³","02/05/2022","01","0.32","1"
"Potenza_Viale_Firenze","CO","mg/m³","02/05/2022","02","0.33","1"
"Potenza_Viale_Firenze","CO","mg/m³","02/05/2022","03","0.32","1"
"Potenza_Viale_Firenze","CO","mg/m³","02/05/2022","04","0.31","1"
"Potenza_Viale_Firenze","CO","mg/m³","02/05/2022","05","0.35","1"
"Potenza_Viale_Firenze","CO","mg/m³","02/05/2022","06","0.33","1"
"Potenza_Viale_Firenze","CO","mg/m³","02/05/2022","07","0.55","1"
"Potenza_Viale_Firenze","CO","mg/m³","02/05/2022","08","0.54","1"
"Potenza_Viale_Firenze","CO","mg/m³","02/05/2022","09","0.60","1"
"Potenza_Viale_Firenze","CO","mg/m³","02/05/2022","10","0.54","1"
"Potenza_Viale_Firenze","CO","mg/m³","02/05/2022","11","0.45","1"
"Potenza_Viale_Firenze","CO","mg/m³","02/05/2022","12","0.41","-1"
"Potenza_Viale_Firenze","CO","mg/m³","02/05/2022","13","0.44","1"
"Potenza_Viale_Firenze","CO","mg/m³","02/05/2022","14","0.44","1"
"Potenza_Viale_Firenze","CO","mg/m³","02/05/2022","15","0.46","1"
"Potenza_Viale_Firenze","CO","mg/m³","02/05/2022","16","0.47","1"
"Potenza_Viale_Firenze","CO","mg/m³","02/05/2022","17","0.55","1"
"Potenza_Viale_Firenze","CO","mg/m³","02/05/2022","18","0.47","1"
"Potenza_Viale_Firenze","CO","mg/m³","02/05/2022","19","0.45","1"
"Potenza_Viale_Firenze","CO","mg/m³","02/05/2022","20","0.51","1"
"Potenza_Viale_Firenze","CO","mg/m³","02/05/2022","21","0.72","1"
"Potenza_Viale_Firenze","CO","mg/m³","02/05/2022","22","0.63","1"
"Potenza_Viale_Firenze","CO","mg/m³","02/05/2022","23","0.50","1"
"Potenza_Viale_Firenze","CO","mg/m³","02/05/2022","24","0.42","1"
"Potenza_Viale_Firenze","CO","mg/m³","03/05/2022","01","0.40","1"
"Potenza_Viale_Firenze","CO","mg/m³","03/05/2022","02","0.34","1"
"Potenza_Viale_Firenze","CO","mg/m³","03/05/2022","03","0.31","1"
"Potenza_Viale_Firenze","CO","mg/m³","03/05/2022","04","0.29","1"
"Potenza_Viale_Firenze","CO","mg/m³","03/05/2022","05","0.28","1"
"Potenza_Viale_Firenze","CO","mg/m³","03/05/2022","06","0.54","1"
"Potenza_Viale_Firenze","CO","mg/m³","03/05/2022","07","0.48","1"
"Potenza_Viale_Firenze","CO","mg/m³","03/05/2022","08","0.53","1"
"Potenza_Viale_Firenze","CO","mg/m³","03/05/2022","09","0.49","1"
"Potenza_Viale_Firenze","CO","mg/m³","03/05/2022","10","0.43","1"
"Potenza_Viale_Firenze","CO","mg/m³","03/05/2022","11","0.39","-1"
"Potenza_Viale_Firenze","CO","mg/m³","03/05/2022","12","0.38","1"
"Potenza_Viale_Firenze","CO","mg/m³","03/05/2022","13","0.41","1"
"Potenza_Viale_Firenze","CO","mg/m³","03/05/2022","14","0.40","1"
"Potenza_Viale_Firenze","CO","mg/m³","03/05/2022","15","0.43","1"
"Potenza_Viale_Firenze","CO","mg/m³","03/05/2022","16","0.42","1"
"Potenza_Viale_Firenze","CO","mg/m³","03/05/2022","17","0.49","1"
"Potenza_Viale_Firenze","CO","mg/m³","03/05/2022","18","0.46","1"
"Potenza_Viale_Firenze","CO","mg/m³","03/05/2022","19","0.52","1"
"Potenza_Viale_Firenze","CO","mg/m³","03/05/2022","20","0.49","1"
"Potenza_Viale_Firenze","CO","mg/m³","03/05/2022","21","0.62","1"
"Potenza_Viale_Firenze","CO","mg/m³","03/05/2022","22","0.63","1"
"Potenza_Viale_Firenze","CO","mg/m³","03/05/2022","23","0.53","1"
"Potenza_Viale_Firenze","CO","mg/m³","03/05/2022","24","0.40","1"
"Potenza_Viale_Firenze","CO","mg/m³","04/05/2022","01","0.35","1"
"Potenza_Viale_Firenze","CO","mg/m³","04/05/2022","02","0.31","1"
"Potenza_Viale_Firenze","CO","mg/m³","04/05/2022","03","0.29","1"
"Potenza_Viale_Firenze","CO","mg/m³","04/05/2022","04","0.29","1"
"Potenza_Viale_Firenze","CO","mg/m³","04/05/2022","05","0.28","1"
"Potenza_Viale_Firenze","CO","mg/m³","04/05/2022","06","0.45","1"
"Potenza_Viale_Firenze","CO","mg/m³","04/05/2022","07","0.60","1"
"Potenza_Viale_Firenze","CO","mg/m³","04/05/2022","08","0.70","1"
"Potenza_Viale_Firenze","CO","mg/m³","04/05/2022","09","0.49","1"
"Potenza_Viale_Firenze","CO","mg/m³","04/05/2022","10","0.40","-1"
"Potenza_Viale_Firenze","CO","mg/m³","04/05/2022","11","0.43","1"
"Potenza_Viale_Firenze","CO","mg/m³","04/05/2022","12","0.46","1"
"Potenza_Viale_Firenze","CO","mg/m³","04/05/2022","13","0.49","1"
"Potenza_Viale_Firenze","CO","mg/m³","04/05/2022","14","0.46","1"
"Potenza_Viale_Firenze","CO","mg/m³","04/05/2022","15","0.43","1"
"Potenza_Viale_Firenze","CO","mg/m³","04/05/2022","16","0.43","1"
"Potenza_Viale_Firenze","CO","mg/m³","04/05/2022","17","0.45","1"
"Potenza_Viale_Firenze","CO","mg/m³","04/05/2022","18","0.47","1"
"Potenza_Viale_Firenze","CO","mg/m³","04/05/2022","19","0.44","1"
"Potenza_Viale_Firenze","CO","mg/m³","04/05/2022","20","0.80","1"
"Potenza_Viale_Firenze","CO","mg/m³","04/05/2022","21","0.60","1"
"Potenza_Viale_Firenze","CO","mg/m³","04/05/2022","22","0.61","1"
"Potenza_Viale_Firenze","CO","mg/m³","04/05/2022","23","0.53","1"
"Potenza_Viale_Firenze","CO","mg/m³","04/05/2022","24","0.44","1"
"Potenza_Viale_Firenze","CO","mg/m³","05/05/2022","01","0.39","1"
"Potenza_Viale_Firenze","CO","mg/m³","05/05/2022","02","0.35","1"
"Potenza_Viale_Firenze","CO","mg/m³","05/05/2022","03","0.34","1"
"Potenza_Viale_Firenze","CO","mg/m³","05/05/2022","04","0.35","1"
"Potenza_Viale_Firenze","CO","mg/m³","05/05/2022","05","0.38","1"
"Potenza_Viale_Firenze","CO","mg/m³","05/05/2022","06","0.59","1"
"Potenza_Viale_Firenze","CO","mg/m³","05/05/2022","07","0.69","1"
"Potenza_Viale_Firenze","CO","mg/m³","05/05/2022","08","1.03","1"
"Potenza_Viale_Firenze","CO","mg/m³","05/05/2022","09","0.95","-1"
"Potenza_Viale_Firenze","CO","mg/m³","05/05/2022","10","0.73","1"
"Potenza_Viale_Firenze","CO","mg/m³","05/05/2022","11","0.50","1"
"Potenza_Viale_Firenze","CO","mg/m³","05/05/2022","12","0.46","1"
"Potenza_Viale_Firenze","CO","mg/m³","05/05/2022","13","0.50","1"
"Potenza_Viale_Firenze","CO","mg/m³","05/05/2022","14","0.43","1"
"Potenza_Viale_Firenze","CO","mg/m³","05/05/2022","15","0.37","1"
"Potenza_Viale_Firenze","CO","mg/m³","05/05/2022","16","0.40","1"
"Potenza_Viale_Firenze","CO","mg/m³","05/05/2022","17","0.43","1"
"Potenza_Viale_Firenze","CO","mg/m³","05/05/2022","18","0.47","1"
"Potenza_Viale_Firenze","CO","mg/m³","05/05/2022","19","0.47","1"
"Potenza_Viale_Firenze","CO","mg/m³","05/05/2022","20","0.47","1"
"Potenza_Viale_Firenze","CO","mg/m³","05/05/2022","21","0.44","1"
"Potenza_Viale_Firenze","CO","mg/m³","05/05/2022","22","0.40","1"
"Potenza_Viale_Firenze","CO","mg/m³","05/05/2022","23","0.36","1"
"Potenza_Viale_Firenze","CO","mg/m³","05/05/2022","24","0.34","1"
"Potenza_Viale_Firenze","CO","mg/m³","06/05/2022","01","0.34","1"
"Potenza_Viale_Firenze","CO","mg/m³","06/05/2022","02","0.31","1"
"Potenza_Viale_Firenze","CO","mg/m³","06/05/2022","03","0.34","1"
"Potenza_Viale_Firenze","CO","mg/m³","06/05/2022","04","0.50","1"
"Potenza_Viale_Firenze","CO","mg/m³","06/05/2022","05","0.33","1"
"Potenza_Viale_Firenze","CO","mg/m³","06/05/2022","06","0.38","1"
"Potenza_Viale_Firenze","CO","mg/m³","06/05/2022","07","0.52","1"
"Potenza_Viale_Firenze","CO","mg/m³","06/05/2022","08","0.76","-1"
"Potenza_Viale_Firenze","CO","mg/m³","06/05/2022","09","0.57","1"
"Potenza_Viale_Firenze","CO","mg/m³","06/05/2022","10","0.46","1"
"Potenza_Viale_Firenze","CO","mg/m³","06/05/2022","11","0.41","1"
"Potenza_Viale_Firenze","CO","mg/m³","06/05/2022","12","0.50","1"
"Potenza_Viale_Firenze","CO","mg/m³","06/05/2022","13","0.57","1"
"Potenza_Viale_Firenze","CO","mg/m³","06/05/2022","14","0.43","1"
"Potenza_Viale_Firenze","CO","mg/m³","06/05/2022","15","0.39","1"
"Potenza_Viale_Firenze","CO","mg/m³","06/05/2022","16","0.49","1"
"Potenza_Viale_Firenze","CO","mg/m³","06/05/2022","17","0.51","1"
"Potenza_Viale_Firenze","CO","mg/m³","06/05/2022","18","0.52","1"
"Potenza_Viale_Firenze","CO","mg/m³","06/05/2022","19","0.49","1"
"Potenza_Viale_Firenze","CO","mg/m³","06/05/2022","20","0.45","1"
"Potenza_Viale_Firenze","CO","mg/m³","06/05/2022","21","0.39","1"
"Potenza_Viale_Firenze","CO","mg/m³","06/05/2022","22","0.40","1"
"Potenza_Viale_Firenze","CO","mg/m³","06/05/2022","23","0.34","1"
"Potenza_Viale_Firenze","CO","mg/m³","06/05/2022","24","0.33","1"
"Potenza_Viale_Firenze","CO","mg/m³","07/05/2022","01","0.35","1"
"Potenza_Viale_Firenze","CO","mg/m³","07/05/2022","02","0.29","1"
"Potenza_Viale_Firenze","CO","mg/m³","07/05/2022","03","0.27","1"
"Potenza_Viale_Firenze","CO","mg/m³","07/05/2022","04","0.27","1"
"Potenza_Viale_Firenze","CO","mg/m³","07/05/2022","05","0.28","1"
"Potenza_Viale_Firenze","CO","mg/m³","07/05/2022","06","0.31","1"
"Potenza_Viale_Firenze","CO","mg/m³","07/05/2022","07","0.39","-1"
"Potenza_Viale_Firenze","CO","mg/m³","07/05/2022","08","0.53","1"
"Potenza_Viale_Firenze","CO","mg/m³","07/05/2022","09","0.43","1"
"Potenza_Viale_Firenze","CO","mg/m³","07/05/2022","10","0.41","1"
"Potenza_Viale_Firenze","CO","mg/m³","07/05/2022","11","0.54","1"
"Potenza_Viale_Firenze","CO","mg/m³","07/05/2022","12","0.64","1"
"Potenza_Viale_Firenze","CO","mg/m³","07/05/2022","13","0.56","1"
"Potenza_Viale_Firenze","CO","mg/m³","07/05/2022","14","0.43","1"
"Potenza_Viale_Firenze","CO","mg/m³","07/05/2022","15","0.34","1"
"Potenza_Viale_Firenze","CO","mg/m³","07/05/2022","16","0.36","1"
"Potenza_Viale_Firenze","CO","mg/m³","07/05/2022","17","0.39","1"
"Potenza_Viale_Firenze","CO","mg/m³","07/05/2022","18","0.38","1"
"Potenza_Viale_Firenze","CO","mg/m³","07/05/2022","19","0.42","1"
"Potenza_Viale_Firenze","CO","mg/m³","07/05/2022","20","0.40","1"
"Potenza_Viale_Firenze","CO","mg/m³","07/05/2022","21","0.33","1"
"Potenza_Viale_Firenze","CO","mg/m³","07/05/2022","22","0.32","1"
"Potenza_Viale_Firenze","CO","mg/m³","07/05/2022","23","0.31","1"
"Potenza_Viale_Firenze","CO","mg/m³","07/05/2022","24","0.29","1"
"Potenza_Viale_Firenze","CO","mg/m³","08/05/2022","01","0.30","1"
"Potenza_Viale_Firenze","CO","mg/m³","08/05/2022","02","0.28","1"
"Potenza_Viale_Firenze","CO","mg/m³","08/05/2022","03","0.29","1"
"Potenza_Viale_Firenze","CO","mg/m³","08/05/2022","04","0.26","1"
"Potenza_Viale_Firenze","CO","mg/m³","08/05/2022","05","0.26","1"
"Potenza_Viale_Firenze","CO","mg/m³","08/05/2022","06","0.27","-1"
"Potenza_Viale_Firenze","CO","mg/m³","08/05/2022","07","0.29","1"
"Potenza_Viale_Firenze","CO","mg/m³","08/05/2022","08","0.30","1"
"Potenza_Viale_Firenze","CO","mg/m³","08/05/2022","09","0.34","1"
"Potenza_Viale_Firenze","CO","mg/m³","08/05/2022","10","0.32","1"
"Potenza_Viale_Firenze","CO","mg/m³","08/05/2022","11","0.35","1"
"Potenza_Viale_Firenze","CO","mg/m³","08/05/2022","12","0.37","1"
"Potenza_Viale_Firenze","CO","mg/m³","08/05/2022","13","0.38","1"
"Potenza_Viale_Firenze","CO","mg/m³","08/05/2022","14","0.28","1"
"Potenza_Viale_Firenze","CO","mg/m³","08/05/2022","15","0.29","1"
"Potenza_Viale_Firenze","CO","mg/m³","08/05/2022","16","0.33","1"
"Potenza_Viale_Firenze","CO","mg/m³","08/05/2022","17","0.32","1"
"Potenza_Viale_Firenze","CO","mg/m³","08/05/2022","18","0.41","1"
"Potenza_Viale_Firenze","CO","mg/m³","08/05/2022","19","0.41","1"
"Potenza_Viale_Firenze","CO","mg/m³","08/05/2022","20","0.49","1"
"Potenza_Viale_Firenze","CO","mg/m³","08/05/2022","21","0.45","1"
"Potenza_Viale_Firenze","CO","mg/m³","08/05/2022","22","0.37","1"
"Potenza_Viale_Firenze","CO","mg/m³","08/05/2022","23","0.37","1"
"Potenza_Viale_Firenze","CO","mg/m³","08/05/2022","24","0.34","1"
"Potenza_Viale_Firenze","CO","mg/m³","09/05/2022","01","0.34","1"
"Potenza_Viale_Firenze","CO","mg/m³","09/05/2022","02","0.29","1"
"Potenza_Viale_Firenze","CO","mg/m³","09/05/2022","03","0.26","1"
"Potenza_Viale_Firenze","CO","mg/m³","09/05/2022","04","0.29","1"
"Potenza_Viale_Firenze","CO","mg/m³","09/05/2022","05","0.33","-1"
"Potenza_Viale_Firenze","CO","mg/m³","09/05/2022","06","0.53","1"
"Potenza_Viale_Firenze","CO","mg/m³","09/05/2022","07","0.55","1"
"Potenza_Viale_Firenze","CO","mg/m³","09/05/2022","08","0.62","1"
"Potenza_Viale_Firenze","CO","mg/m³","09/05/2022","09","0.46","-1"
"Potenza_Viale_Firenze","CO","mg/m³","09/05/2022","10","0.40","1"
"Potenza_Viale_Firenze","CO","mg/m³","09/05/2022","11","0.40","1"
"Potenza_Viale_Firenze","CO","mg/m³","09/05/2022","12","0.40","1"
"Potenza_Viale_Firenze","CO","mg/m³","09/05/2022","13","0.44","1"
"Potenza_Viale_Firenze","CO","mg/m³","09/05/2022","14","0.38","1"
"Potenza_Viale_Firenze","CO","mg/m³","09/05/2022","15","0.37","1"
"Potenza_Viale_Firenze","CO","mg/m³","09/05/2022","16","0.39","1"
"Potenza_Viale_Firenze","CO","mg/m³","09/05/2022","17","0.48","1"
"Potenza_Viale_Firenze","CO","mg/m³","09/05/2022","18","0.55","1"
"Potenza_Viale_Firenze","CO","mg/m³","09/05/2022","19","0.72","1"
"Potenza_Viale_Firenze","CO","mg/m³","09/05/2022","20","1.00","1"
"Potenza_Viale_Firenze","CO","mg/m³","09/05/2022","21","0.48","1"
"Potenza_Viale_Firenze","CO","mg/m³","09/05/2022","22","0.48","1"
"Potenza_Viale_Firenze","CO","mg/m³","09/05/2022","23","0.46","1"
"Potenza_Viale_Firenze","CO","mg/m³","09/05/2022","24","0.40","1"
"Potenza_Viale_Firenze","CO","mg/m³","10/05/2022","01","0.35","1"
"Potenza_Viale_Firenze","CO","mg/m³","10/05/2022","02","0.31","1"
"Potenza_Viale_Firenze","CO","mg/m³","10/05/2022","03","0.33","1"
"Potenza_Viale_Firenze","CO","mg/m³","10/05/2022","04","0.30","-1"
"Potenza_Viale_Firenze","CO","mg/m³","10/05/2022","05","0.33","1"
"Potenza_Viale_Firenze","CO","mg/m³","10/05/2022","06","0.53","1"
"Potenza_Viale_Firenze","CO","mg/m³","10/05/2022","07","1.06","1"
"Potenza_Viale_Firenze","CO","mg/m³","10/05/2022","08","0.83","1"
"Potenza_Viale_Firenze","CO","mg/m³","10/05/2022","09","0.49","1"
"Potenza_Viale_Firenze","CO","mg/m³","10/05/2022","10","0.36","1"
"Potenza_Viale_Firenze","CO","mg/m³","10/05/2022","11","0.37","1"
"Potenza_Viale_Firenze","CO","mg/m³","10/05/2022","12","0.41","1"
"Potenza_Viale_Firenze","CO","mg/m³","10/05/2022","13","0.42","1"
"Potenza_Viale_Firenze","CO","mg/m³","10/05/2022","14","0.39","1"
"Potenza_Viale_Firenze","CO","mg/m³","10/05/2022","15","0.35","1"
"Potenza_Viale_Firenze","CO","mg/m³","10/05/2022","16","0.35","1"
"Potenza_Viale_Firenze","CO","mg/m³","10/05/2022","17","0.41","1"
"Potenza_Viale_Firenze","CO","mg/m³","10/05/2022","18","0.31","1"
"Potenza_Viale_Firenze","CO","mg/m³","10/05/2022","19","0.37","1"
"Potenza_Viale_Firenze","CO","mg/m³","10/05/2022","20","0.45","1"
"Potenza_Viale_Firenze","CO","mg/m³","10/05/2022","21","0.35","1"
"Potenza_Viale_Firenze","CO","mg/m³","10/05/2022","22","0.34","1"
"Potenza_Viale_Firenze","CO","mg/m³","10/05/2022","23","0.45","1"
"Potenza_Viale_Firenze","CO","mg/m³","10/05/2022","24","0.35","1"
"Potenza_Viale_Firenze","CO","mg/m³","11/05/2022","01","0.30","1"
"Potenza_Viale_Firenze","CO","mg/m³","11/05/2022","02","0.26","1"
"Potenza_Viale_Firenze","CO","mg/m³","11/05/2022","03","0.27","-1"
"Potenza_Viale_Firenze","CO","mg/m³","11/05/2022","04","0.22","1"
"Potenza_Viale_Firenze","CO","mg/m³","11/05/2022","05","0.27","1"
"Potenza_Viale_Firenze","CO","mg/m³","11/05/2022","06","0.47","1"
"Potenza_Viale_Firenze","CO","mg/m³","11/05/2022","07","0.78","1"
"Potenza_Viale_Firenze","CO","mg/m³","11/05/2022","08","0.54","1"
"Potenza_Viale_Firenze","CO","mg/m³","11/05/2022","09","0.38","1"
"Potenza_Viale_Firenze","CO","mg/m³","11/05/2022","10","0.43","1"
"Potenza_Viale_Firenze","CO","mg/m³","11/05/2022","11","0.40","1"
"Potenza_Viale_Firenze","CO","mg/m³","11/05/2022","12","0.39","1"
"Potenza_Viale_Firenze","CO","mg/m³","11/05/2022","13","0.41","1"
"Potenza_Viale_Firenze","CO","mg/m³","11/05/2022","14","0.35","1"
"Potenza_Viale_Firenze","CO","mg/m³","11/05/2022","15","0.39","1"
"Potenza_Viale_Firenze","CO","mg/m³","11/05/2022","16","0.38","1"
"Potenza_Viale_Firenze","CO","mg/m³","11/05/2022","17","0.38","1"
"Potenza_Viale_Firenze","CO","mg/m³","11/05/2022","18","0.37","1"
"Potenza_Viale_Firenze","CO","mg/m³","11/05/2022","19","0.47","1"
"Potenza_Viale_Firenze","CO","mg/m³","11/05/2022","20","0.42","1"
"Potenza_Viale_Firenze","CO","mg/m³","11/05/2022","21","0.50","1"
"Potenza_Viale_Firenze","CO","mg/m³","11/05/2022","22","0.51","1"
"Potenza_Viale_Firenze","CO","mg/m³","11/05/2022","23","0.44","1"
"Potenza_Viale_Firenze","CO","mg/m³","11/05/2022","24","0.40","1"
"Potenza_Viale_Firenze","CO","mg/m³","12/05/2022","01","0.33","1"
"Potenza_Viale_Firenze","CO","mg/m³","12/05/2022","02","0.36","-1"
"Potenza_Viale_Firenze","CO","mg/m³","12/05/2022","03","0.26","1"
"Potenza_Viale_Firenze","CO","mg/m³","12/05/2022","04","0.24","1"
"Potenza_Viale_Firenze","CO","mg/m³","12/05/2022","05","0.26","1"
"Potenza_Viale_Firenze","CO","mg/m³","12/05/2022","06","0.57","1"
"Potenza_Viale_Firenze","CO","mg/m³","12/05/2022","07","0.46","1"
"Potenza_Viale_Firenze","CO","mg/m³","12/05/2022","08","0.40","1"
"Potenza_Viale_Firenze","CO","mg/m³","12/05/2022","09","0.41","1"
"Potenza_Viale_Firenze","CO","mg/m³","12/05/2022","10","0.39","1"
"Potenza_Viale_Firenze","CO","mg/m³","12/05/2022","11","0.35","1"
"Potenza_Viale_Firenze","CO","mg/m³","12/05/2022","12","0.38","1"
"Potenza_Viale_Firenze","CO","mg/m³","12/05/2022","13","0.40","1"
"Potenza_Viale_Firenze","CO","mg/m³","12/05/2022","14","0.36","1"
"Potenza_Viale_Firenze","CO","mg/m³","12/05/2022","15","0.37","1"
"Potenza_Viale_Firenze","CO","mg/m³","12/05/2022","16","0.42","1"
"Potenza_Viale_Firenze","CO","mg/m³","12/05/2022","17","0.40","1"
"Potenza_Viale_Firenze","CO","mg/m³","12/05/2022","18","0.35","1"
"Potenza_Viale_Firenze","CO","mg/m³","12/05/2022","19","0.43","1"
"Potenza_Viale_Firenze","CO","mg/m³","12/05/2022","20","0.41","1"
"Potenza_Viale_Firenze","CO","mg/m³","12/05/2022","21","0.57","1"
"Potenza_Viale_Firenze","CO","mg/m³","12/05/2022","22","0.48","1"
"Potenza_Viale_Firenze","CO","mg/m³","12/05/2022","23","0.48","1"
"Potenza_Viale_Firenze","CO","mg/m³","12/05/2022","24","0.43","1"
"Potenza_Viale_Firenze","CO","mg/m³","13/05/2022","01","0.31","-1"
"Potenza_Viale_Firenze","CO","mg/m³","13/05/2022","02","0.27","1"
"Potenza_Viale_Firenze","CO","mg/m³","13/05/2022","03","0.25","1"
"Potenza_Viale_Firenze","CO","mg/m³","13/05/2022","04","0.26","1"
"Potenza_Viale_Firenze","CO","mg/m³","13/05/2022","05","0.27","1"
"Potenza_Viale_Firenze","CO","mg/m³","13/05/2022","06","0.36","1"
"Potenza_Viale_Firenze","CO","mg/m³","13/05/2022","07","0.31","1"
"Potenza_Viale_Firenze","CO","mg/m³","13/05/2022","08","0.34","1"
"Potenza_Viale_Firenze","CO","mg/m³","13/05/2022","09","0.39","1"
"Potenza_Viale_Firenze","CO","mg/m³","13/05/2022","10","0.35","1"
"Potenza_Viale_Firenze","CO","mg/m³","13/05/2022","11","0.33","1"
"Potenza_Viale_Firenze","CO","mg/m³","13/05/2022","12","0.30","1"
"Potenza_Viale_Firenze","CO","mg/m³","13/05/2022","13","0.29","1"
"Potenza_Viale_Firenze","CO","mg/m³","13/05/2022","14","0.28","1"
"Potenza_Viale_Firenze","CO","mg/m³","13/05/2022","15","0.26","1"
"Potenza_Viale_Firenze","CO","mg/m³","13/05/2022","16","0.26","1"
"Potenza_Viale_Firenze","CO","mg/m³","13/05/2022","17","0.26","1"
"Potenza_Viale_Firenze","CO","mg/m³","13/05/2022","18","0.26","1"
"Potenza_Viale_Firenze","CO","mg/m³","13/05/2022","19","0.45","1"
"Potenza_Viale_Firenze","CO","mg/m³","13/05/2022","20","0.43","1"
"Potenza_Viale_Firenze","CO","mg/m³","13/05/2022","21","0.32","1"
"Potenza_Viale_Firenze","CO","mg/m³","13/05/2022","22","0.29","1"
"Potenza_Viale_Firenze","CO","mg/m³","13/05/2022","23","0.28","1"
"Potenza_Viale_Firenze","CO","mg/m³","13/05/2022","24","0.28","-1"
"Potenza_Viale_Firenze","CO","mg/m³","14/05/2022","01","0.27","1"
"Potenza_Viale_Firenze","CO","mg/m³","14/05/2022","02","0.25","1"
"Potenza_Viale_Firenze","CO","mg/m³","14/05/2022","03","0.24","1"
"Potenza_Viale_Firenze","CO","mg/m³","14/05/2022","04","0.23","1"
"Potenza_Viale_Firenze","CO","mg/m³","14/05/2022","05","0.25","1"
"Potenza_Viale_Firenze","CO","mg/m³","14/05/2022","06","0.38","1"
"Potenza_Viale_Firenze","CO","mg/m³","14/05/2022","07","0.36","1"
"Potenza_Viale_Firenze","CO","mg/m³","14/05/2022","08","0.41","1"
"Potenza_Viale_Firenze","CO","mg/m³","14/05/2022","09","0.41","1"
"Potenza_Viale_Firenze","CO","mg/m³","14/05/2022","10","0.41","1"
"Potenza_Viale_Firenze","CO","mg/m³","14/05/2022","11","0.40","1"
"Potenza_Viale_Firenze","CO","mg/m³","14/05/2022","12","0.36","1"
"Potenza_Viale_Firenze","CO","mg/m³","14/05/2022","13","0.37","1"
"Potenza_Viale_Firenze","CO","mg/m³","14/05/2022","14","0.32","1"
"Potenza_Viale_Firenze","CO","mg/m³","14/05/2022","15","0.30","1"
"Potenza_Viale_Firenze","CO","mg/m³","14/05/2022","16","0.29","1"
"Potenza_Viale_Firenze","CO","mg/m³","14/05/2022","17","0.29","1"
"Potenza_Viale_Firenze","CO","mg/m³","14/05/2022","18","0.32","1"
"Potenza_Viale_Firenze","CO","mg/m³","14/05/2022","19","0.42","1"
"Potenza_Viale_Firenze","CO","mg/m³","14/05/2022","20","0.42","1"
"Potenza_Viale_Firenze","CO","mg/m³","14/05/2022","21","0.34","1"
"Potenza_Viale_Firenze","CO","mg/m³","14/05/2022","22","0.31","1"
"Potenza_Viale_Firenze","CO","mg/m³","14/05/2022","23","0.36","-1"
"Potenza_Viale_Firenze","CO","mg/m³","14/05/2022","24","0.36","1"
"Potenza_Viale_Firenze","CO","mg/m³","15/05/2022","01","0.34","1"
"Potenza_Viale_Firenze","CO","mg/m³","15/05/2022","02","0.32","1"
"Potenza_Viale_Firenze","CO","mg/m³","15/05/2022","03","0.33","1"
"Potenza_Viale_Firenze","CO","mg/m³","15/05/2022","04","0.28","1"
"Potenza_Viale_Firenze","CO","mg/m³","15/05/2022","05","0.26","1"
"Potenza_Viale_Firenze","CO","mg/m³","15/05/2022","06","0.27","1"
"Potenza_Viale_Firenze","CO","mg/m³","15/05/2022","07","0.30","1"
"Potenza_Viale_Firenze","CO","mg/m³","15/05/2022","08","0.32","1"
"Potenza_Viale_Firenze","CO","mg/m³","15/05/2022","09","0.30","1"
"Potenza_Viale_Firenze","CO","mg/m³","15/05/2022","10","0.33","1"
"Potenza_Viale_Firenze","CO","mg/m³","15/05/2022","11","0.37","1"
"Potenza_Viale_Firenze","CO","mg/m³","15/05/2022","12","0.37","1"
"Potenza_Viale_Firenze","CO","mg/m³","15/05/2022","13","0.35","1"
"Potenza_Viale_Firenze","CO","mg/m³","15/05/2022","14","0.30","1"
"Potenza_Viale_Firenze","CO","mg/m³","15/05/2022","15","0.29","1"
"Potenza_Viale_Firenze","CO","mg/m³","15/05/2022","16","0.31","1"
"Potenza_Viale_Firenze","CO","mg/m³","15/05/2022","17","0.30","1"
"Potenza_Viale_Firenze","CO","mg/m³","15/05/2022","18","0.30","1"
"Potenza_Viale_Firenze","CO","mg/m³","15/05/2022","19","0.31","1"
"Potenza_Viale_Firenze","CO","mg/m³","15/05/2022","20","0.35","1"
"Potenza_Viale_Firenze","CO","mg/m³","15/05/2022","21","0.39","1"
"Potenza_Viale_Firenze","CO","mg/m³","15/05/2022","22","0.42","-1"
"Potenza_Viale_Firenze","CO","mg/m³","15/05/2022","23","0.41","1"
"Potenza_Viale_Firenze","CO","mg/m³","15/05/2022","24","0.37","1"
"Potenza_Viale_Firenze","CO","mg/m³","16/05/2022","01","0.31","1"
"Potenza_Viale_Firenze","CO","mg/m³","16/05/2022","02","0.28","1"
"Potenza_Viale_Firenze","CO","mg/m³","16/05/2022","03","0.27","1"
"Potenza_Viale_Firenze","CO","mg/m³","16/05/2022","04","0.26","1"
"Potenza_Viale_Firenze","CO","mg/m³","16/05/2022","05","0.28","1"
"Potenza_Viale_Firenze","CO","mg/m³","16/05/2022","06","0.49","1"
"Potenza_Viale_Firenze","CO","mg/m³","16/05/2022","07","0.61","1"
"Potenza_Viale_Firenze","CO","mg/m³","16/05/2022","08","0.52","1"
"Potenza_Viale_Firenze","CO","mg/m³","16/05/2022","09","0.45","1"
"Potenza_Viale_Firenze","CO","mg/m³","16/05/2022","10","0.43","1"
"Potenza_Viale_Firenze","CO","mg/m³","16/05/2022","11","0.38","1"
"Potenza_Viale_Firenze","CO","mg/m³","16/05/2022","12","0.38","1"
"Potenza_Viale_Firenze","CO","mg/m³","16/05/2022","13","0.36","1"
"Potenza_Viale_Firenze","CO","mg/m³","16/05/2022","14","0.46","1"
"Potenza_Viale_Firenze","CO","mg/m³","16/05/2022","15","0.32","1"
"Potenza_Viale_Firenze","CO","mg/m³","16/05/2022","16","0.30","1"
"Potenza_Viale_Firenze","CO","mg/m³","16/05/2022","17","0.38","1"
"Potenza_Viale_Firenze","CO","mg/m³","16/05/2022","18","0.33","1"
"Potenza_Viale_Firenze","CO","mg/m³","16/05/2022","19","0.33","1"
"Potenza_Viale_Firenze","CO","mg/m³","16/05/2022","20","0.62","1"
"Potenza_Viale_Firenze","CO","mg/m³","16/05/2022","21","0.35","-1"
"Potenza_Viale_Firenze","CO","mg/m³","16/05/2022","22","0.39","1"
"Potenza_Viale_Firenze","CO","mg/m³","16/05/2022","23","0.37","1"
"Potenza_Viale_Firenze","CO","mg/m³","16/05/2022","24","0.37","1"
"Potenza_Viale_Firenze","CO","mg/m³","17/05/2022","01","0.32","1"
"Potenza_Viale_Firenze","CO","mg/m³","17/05/2022","02","0.31","1"
"Potenza_Viale_Firenze","CO","mg/m³","17/05/2022","03","0.30","1"
"Potenza_Viale_Firenze","CO","mg/m³","17/05/2022","04","0.28","1"
"Potenza_Viale_Firenze","CO","mg/m³","17/05/2022","05","0.32","1"
"Potenza_Viale_Firenze","CO","mg/m³","17/05/2022","06","0.59","1"
"Potenza_Viale_Firenze","CO","mg/m³","17/05/2022","07","0.49","1"
"Potenza_Viale_Firenze","CO","mg/m³","17/05/2022","08","0.41","1"
"Potenza_Viale_Firenze","CO","mg/m³","17/05/2022","09","0.45","1"
"Potenza_Viale_Firenze","CO","mg/m³","17/05/2022","10","0.44","1"
"Potenza_Viale_Firenze","CO","mg/m³","17/05/2022","11","0.36","1"
"Potenza_Viale_Firenze","CO","mg/m³","17/05/2022","12","0.33","1"
"Potenza_Viale_Firenze","CO","mg/m³","17/05/2022","13","0.35","1"
"Potenza_Viale_Firenze","CO","mg/m³","17/05/2022","14","0.32","1"
"Potenza_Viale_Firenze","CO","mg/m³","17/05/2022","15","0.30","1"
"Potenza_Viale_Firenze","CO","mg/m³","17/05/2022","16","0.33","1"
"Potenza_Viale_Firenze","CO","mg/m³","17/05/2022","17","0.43","1"
"Potenza_Viale_Firenze","CO","mg/m³","17/05/2022","18","0.47","1"
"Potenza_Viale_Firenze","CO","mg/m³","17/05/2022","19","0.38","1"
"Potenza_Viale_Firenze","CO","mg/m³","17/05/2022","20","0.48","-1"
"Potenza_Viale_Firenze","CO","mg/m³","17/05/2022","21","0.36","1"
"Potenza_Viale_Firenze","CO","mg/m³","17/05/2022","22","0.36","1"
"Potenza_Viale_Firenze","CO","mg/m³","17/05/2022","23","0.28","1"
"Potenza_Viale_Firenze","CO","mg/m³","17/05/2022","24","0.30","1"
"Potenza_Viale_Firenze","CO","mg/m³","18/05/2022","01","0.26","1"
"Potenza_Viale_Firenze","CO","mg/m³","18/05/2022","02","0.24","1"
"Potenza_Viale_Firenze","CO","mg/m³","18/05/2022","03","0.25","1"
"Potenza_Viale_Firenze","CO","mg/m³","18/05/2022","04","0.27","1"
"Potenza_Viale_Firenze","CO","mg/m³","18/05/2022","05","0.31","1"
"Potenza_Viale_Firenze","CO","mg/m³","18/05/2022","06","0.40","1"
"Potenza_Viale_Firenze","CO","mg/m³","18/05/2022","07","0.55","1"
"Potenza_Viale_Firenze","CO","mg/m³","18/05/2022","08","0.39","1"
"Potenza_Viale_Firenze","CO","mg/m³","18/05/2022","09","0.38","1"
"Potenza_Viale_Firenze","CO","mg/m³","18/05/2022","10","0.35","1"
"Potenza_Viale_Firenze","CO","mg/m³","18/05/2022","11","0.35","1"
"Potenza_Viale_Firenze","CO","mg/m³","18/05/2022","12","0.38","1"
"Potenza_Viale_Firenze","CO","mg/m³","18/05/2022","13","0.40","1"
"Potenza_Viale_Firenze","CO","mg/m³","18/05/2022","14","0.33","1"
"Potenza_Viale_Firenze","CO","mg/m³","18/05/2022","15","0.29","1"
"Potenza_Viale_Firenze","CO","mg/m³","18/05/2022","16","0.33","1"
"Potenza_Viale_Firenze","CO","mg/m³","18/05/2022","17","0.35","1"
"Potenza_Viale_Firenze","CO","mg/m³","18/05/2022","18","0.39","1"
"Potenza_Viale_Firenze","CO","mg/m³","18/05/2022","19","0.44","-1"
"Potenza_Viale_Firenze","CO","mg/m³","18/05/2022","20","0.46","1"
"Potenza_Viale_Firenze","CO","mg/m³","18/05/2022","21","0.34","1"
"Potenza_Viale_Firenze","CO","mg/m³","18/05/2022","22","0.31","1"
"Potenza_Viale_Firenze","CO","mg/m³","18/05/2022","23","0.30","1"
"Potenza_Viale_Firenze","CO","mg/m³","18/05/2022","24","0.33","1"
"Potenza_Viale_Firenze","CO","mg/m³","19/05/2022","01","0.26","1"
"Potenza_Viale_Firenze","CO","mg/m³","19/05/2022","02","0.23","1"
"Potenza_Viale_Firenze","CO","mg/m³","19/05/2022","03","0.21","1"
"Potenza_Viale_Firenze","CO","mg/m³","19/05/2022","04","0.21","1"
"Potenza_Viale_Firenze","CO","mg/m³","19/05/2022","05","0.26","1"
"Potenza_Viale_Firenze","CO","mg/m³","19/05/2022","06","0.34","1"
"Potenza_Viale_Firenze","CO","mg/m³","19/05/2022","07","0.44","1"
"Potenza_Viale_Firenze","CO","mg/m³","19/05/2022","08","0.47","1"
"Potenza_Viale_Firenze","CO","mg/m³","19/05/2022","09","0.38","1"
"Potenza_Viale_Firenze","CO","mg/m³","19/05/2022","10","0.41","1"
"Potenza_Viale_Firenze","CO","mg/m³","19/05/2022","11","0.40","1"
"Potenza_Viale_Firenze","CO","mg/m³","19/05/2022","12","0.39","1"
"Potenza_Viale_Firenze","CO","mg/m³","19/05/2022","13","0.40","1"
"Potenza_Viale_Firenze","CO","mg/m³","19/05/2022","14","0.37","1"
"Potenza_Viale_Firenze","CO","mg/m³","19/05/2022","15","0.40","1"
"Potenza_Viale_Firenze","CO","mg/m³","19/05/2022","16","0.40","1"
"Potenza_Viale_Firenze","CO","mg/m³","19/05/2022","17","0.45","1"
"Potenza_Viale_Firenze","CO","mg/m³","19/05/2022","18","0.43","-1"
"Potenza_Viale_Firenze","CO","mg/m³","19/05/2022","19","0.56","1"
"Potenza_Viale_Firenze","CO","mg/m³","19/05/2022","20","0.57","1"
"Potenza_Viale_Firenze","CO","mg/m³","19/05/2022","21","0.57","1"
"Potenza_Viale_Firenze","CO","mg/m³","19/05/2022","22","0.46","1"
"Potenza_Viale_Firenze","CO","mg/m³","19/05/2022","23","0.44","1"
"Potenza_Viale_Firenze","CO","mg/m³","19/05/2022","24","0.42","1"
"Potenza_Viale_Firenze","CO","mg/m³","20/05/2022","01","0.36","1"
"Potenza_Viale_Firenze","CO","mg/m³","20/05/2022","02","0.32","1"
"Potenza_Viale_Firenze","CO","mg/m³","20/05/2022","03","0.29","1"
"Potenza_Viale_Firenze","CO","mg/m³","20/05/2022","04","0.28","1"
"Potenza_Viale_Firenze","CO","mg/m³","20/05/2022","05","0.34","1"
"Potenza_Viale_Firenze","CO","mg/m³","20/05/2022","06","0.62","1"
"Potenza_Viale_Firenze","CO","mg/m³","20/05/2022","07","0.92","1"
"Potenza_Viale_Firenze","CO","mg/m³","20/05/2022","08","0.70","1"
"Potenza_Viale_Firenze","CO","mg/m³","20/05/2022","09","0.58","1"
"Potenza_Viale_Firenze","CO","mg/m³","20/05/2022","10","0.61","1"
"Potenza_Viale_Firenze","CO","mg/m³","20/05/2022","11","0.47","1"
"Potenza_Viale_Firenze","CO","mg/m³","20/05/2022","12","0.46","1"
"Potenza_Viale_Firenze","CO","mg/m³","20/05/2022","13","0.54","1"
"Potenza_Viale_Firenze","CO","mg/m³","20/05/2022","14","0.45","1"
"Potenza_Viale_Firenze","CO","mg/m³","20/05/2022","15","0.43","1"
"Potenza_Viale_Firenze","CO","mg/m³","20/05/2022","16","0.44","1"
"Potenza_Viale_Firenze","CO","mg/m³","20/05/2022","17","0.43","-1"
"Potenza_Viale_Firenze","CO","mg/m³","20/05/2022","18","0.43","1"
"Potenza_Viale_Firenze","CO","mg/m³","20/05/2022","19","0.70","1"
"Potenza_Viale_Firenze","CO","mg/m³","20/05/2022","20","0.63","1"
"Potenza_Viale_Firenze","CO","mg/m³","20/05/2022","21","0.76","1"
"Potenza_Viale_Firenze","CO","mg/m³","20/05/2022","22","0.56","1"
"Potenza_Viale_Firenze","CO","mg/m³","20/05/2022","23","0.51","1"
"Potenza_Viale_Firenze","CO","mg/m³","20/05/2022","24","0.45","1"
"Potenza_Viale_Firenze","CO","mg/m³","21/05/2022","01","0.42","1"
"Potenza_Viale_Firenze","CO","mg/m³","21/05/2022","02","0.36","1"
"Potenza_Viale_Firenze","CO","mg/m³","21/05/2022","03","0.33","1"
"Potenza_Viale_Firenze","CO","mg/m³","21/05/2022","04","0.30","1"
"Potenza_Viale_Firenze","CO","mg/m³","21/05/2022","05","0.32","1"
"Potenza_Viale_Firenze","CO","mg/m³","21/05/2022","06","0.46","1"
"Potenza_Viale_Firenze","CO","mg/m³","21/05/2022","07","0.52","1"
"Potenza_Viale_Firenze","CO","mg/m³","21/05/2022","08","0.48","1"
"Potenza_Viale_Firenze","CO","mg/m³","21/05/2022","09","0.56","1"
"Potenza_Viale_Firenze","CO","mg/m³","21/05/2022","10","0.50","1"
"Potenza_Viale_Firenze","CO","mg/m³","21/05/2022","11","0.48","1"
"Potenza_Viale_Firenze","CO","mg/m³","21/05/2022","12","0.46","1"
"Potenza_Viale_Firenze","CO","mg/m³","21/05/2022","13","0.46","1"
"Potenza_Viale_Firenze","CO","mg/m³","21/05/2022","14","0.39","1"
"Potenza_Viale_Firenze","CO","mg/m³","21/05/2022","15","0.36","1"
"Potenza_Viale_Firenze","CO","mg/m³","21/05/2022","16","0.37","-1"
"Potenza_Viale_Firenze","CO","mg/m³","21/05/2022","17","0.35","1"
"Potenza_Viale_Firenze","CO","mg/m³","21/05/2022","18","0.41","1"
"Potenza_Viale_Firenze","CO","mg/m³","21/05/2022","19","0.46","1"
"Potenza_Viale_Firenze","CO","mg/m³","21/05/2022","20","0.42","1"
"Potenza_Viale_Firenze","CO","mg/m³","21/05/2022","21","0.39","1"
"Potenza_Viale_Firenze","CO","mg/m³","21/05/2022","22","0.35","1"
"Potenza_Viale_Firenze","CO","mg/m³","21/05/2022","23","0.35","1"
"Potenza_Viale_Firenze","CO","mg/m³","21/05/2022","24","0.37","1"
"Potenza_Viale_Firenze","CO","mg/m³","22/05/2022","01","0.36","1"
"Potenza_Viale_Firenze","CO","mg/m³","22/05/2022","02","0.33","1"
"Potenza_Viale_Firenze","CO","mg/m³","22/05/2022","03","0.29","1"
"Potenza_Viale_Firenze","CO","mg/m³","22/05/2022","04","0.28","1"
"Potenza_Viale_Firenze","CO","mg/m³","22/05/2022","05","0.28","1"
"Potenza_Viale_Firenze","CO","mg/m³","22/05/2022","06","0.32","1"
"Potenza_Viale_Firenze","CO","mg/m³","22/05/2022","07","0.28","1"
"Potenza_Viale_Firenze","CO","mg/m³","22/05/2022","08","0.31","1"
"Potenza_Viale_Firenze","CO","mg/m³","22/05/2022","09","0.34","1"
"Potenza_Viale_Firenze","CO","mg/m³","22/05/2022","10","0.37","1"
"Potenza_Viale_Firenze","CO","mg/m³","22/05/2022","11","0.38","1"
"Potenza_Viale_Firenze","CO","mg/m³","22/05/2022","12","0.41","1"
"Potenza_Viale_Firenze","CO","mg/m³","22/05/2022","13","0.39","1"
"Potenza_Viale_Firenze","CO","mg/m³","22/05/2022","14","0.33","1"
"Potenza_Viale_Firenze","CO","mg/m³","22/05/2022","15","0.30","-1"
"Potenza_Viale_Firenze","CO","mg/m³","22/05/2022","16","0.30","1"
"Potenza_Viale_Firenze","CO","mg/m³","22/05/2022","17","0.33","1"
"Potenza_Viale_Firenze","CO","mg/m³","22/05/2022","18","0.29","1"
"Potenza_Viale_Firenze","CO","mg/m³","22/05/2022","19","0.28","1"
"Potenza_Viale_Firenze","CO","mg/m³","22/05/2022","20","0.32","1"
"Potenza_Viale_Firenze","CO","mg/m³","22/05/2022","21","0.35","1"
"Potenza_Viale_Firenze","CO","mg/m³","22/05/2022","22","0.33","1"
"Potenza_Viale_Firenze","CO","mg/m³","22/05/2022","23","0.37","1"
"Potenza_Viale_Firenze","CO","mg/m³","22/05/2022","24","0.33","1"
"Potenza_Viale_Firenze","CO","mg/m³","23/05/2022","01","0.28","1"
"Potenza_Viale_Firenze","CO","mg/m³","23/05/2022","02","0.23","1"
"Potenza_Viale_Firenze","CO","mg/m³","23/05/2022","03","0.23","1"
"Potenza_Viale_Firenze","CO","mg/m³","23/05/2022","04","0.23","1"
"Potenza_Viale_Firenze","CO","mg/m³","23/05/2022","05","0.24","1"
"Potenza_Viale_Firenze","CO","mg/m³","23/05/2022","06","0.35","1"
"Potenza_Viale_Firenze","CO","mg/m³","23/05/2022","07","0.37","1"
"Potenza_Viale_Firenze","CO","mg/m³","23/05/2022","08","0.35","1"
"Potenza_Viale_Firenze","CO","mg/m³","23/05/2022","09","0.39","1"
"Potenza_Viale_Firenze","CO","mg/m³","23/05/2022","10","0.39","1"
"Potenza_Viale_Firenze","CO","mg/m³","23/05/2022","11","-9999","-1"
"Potenza_Viale_Firenze","CO","mg/m³","23/05/2022","12","0.41","1"
"Potenza_Viale_Firenze","CO","mg/m³","23/05/2022","13","0.41","1"
"Potenza_Viale_Firenze","CO","mg/m³","23/05/2022","14","0.37","-1"
"Potenza_Viale_Firenze","CO","mg/m³","23/05/2022","15","0.34","1"
"Potenza_Viale_Firenze","CO","mg/m³","23/05/2022","16","0.34","1"
"Potenza_Viale_Firenze","CO","mg/m³","23/05/2022","17","0.34","1"
"Potenza_Viale_Firenze","CO","mg/m³","23/05/2022","18","0.36","1"
"Potenza_Viale_Firenze","CO","mg/m³","23/05/2022","19","0.33","1"
"Potenza_Viale_Firenze","CO","mg/m³","23/05/2022","20","0.42","1"
"Potenza_Viale_Firenze","CO","mg/m³","23/05/2022","21","0.52","1"
"Potenza_Viale_Firenze","CO","mg/m³","23/05/2022","22","0.41","1"
"Potenza_Viale_Firenze","CO","mg/m³","23/05/2022","23","0.35","1"
"Potenza_Viale_Firenze","CO","mg/m³","23/05/2022","24","0.31","1"
"Potenza_Viale_Firenze","CO","mg/m³","24/05/2022","01","0.28","1"
"Potenza_Viale_Firenze","CO","mg/m³","24/05/2022","02","0.27","1"
"Potenza_Viale_Firenze","CO","mg/m³","24/05/2022","03","0.25","1"
"Potenza_Viale_Firenze","CO","mg/m³","24/05/2022","04","0.27","1"
"Potenza_Viale_Firenze","CO","mg/m³","24/05/2022","05","0.29","1"
"Potenza_Viale_Firenze","CO","mg/m³","24/05/2022","06","0.48","1"
"Potenza_Viale_Firenze","CO","mg/m³","24/05/2022","07","0.58","1"
"Potenza_Viale_Firenze","CO","mg/m³","24/05/2022","08","0.51","1"
"Potenza_Viale_Firenze","CO","mg/m³","24/05/2022","09","0.50","1"
"Potenza_Viale_Firenze","CO","mg/m³","24/05/2022","10","0.44","1"
"Potenza_Viale_Firenze","CO","mg/m³","24/05/2022","11","0.42","1"
"Potenza_Viale_Firenze","CO","mg/m³","24/05/2022","12","0.44","1"
"Potenza_Viale_Firenze","CO","mg/m³","24/05/2022","13","0.45","-1"
"Potenza_Viale_Firenze","CO","mg/m³","24/05/2022","14","0.40","1"
"Potenza_Viale_Firenze","CO","mg/m³","24/05/2022","15","0.36","1"
"Potenza_Viale_Firenze","CO","mg/m³","24/05/2022","16","0.36","1"
"Potenza_Viale_Firenze","CO","mg/m³","24/05/2022","17","0.38","1"
"Potenza_Viale_Firenze","CO","mg/m³","24/05/2022","18","0.46","1"
"Potenza_Viale_Firenze","CO","mg/m³","24/05/2022","19","0.44","1"
"Potenza_Viale_Firenze","CO","mg/m³","24/05/2022","20","0.42","1"
"Potenza_Viale_Firenze","CO","mg/m³","24/05/2022","21","0.36","1"
"Potenza_Viale_Firenze","CO","mg/m³","24/05/2022","22","0.50","1"
"Potenza_Viale_Firenze","CO","mg/m³","24/05/2022","23","0.44","1"
"Potenza_Viale_Firenze","CO","mg/m³","24/05/2022","24","0.36","1"
"Potenza_Viale_Firenze","CO","mg/m³","25/05/2022","01","0.33","1"
"Potenza_Viale_Firenze","CO","mg/m³","25/05/2022","02","0.33","1"
"Potenza_Viale_Firenze","CO","mg/m³","25/05/2022","03","0.29","1"
"Potenza_Viale_Firenze","CO","mg/m³","25/05/2022","04","0.28","1"
"Potenza_Viale_Firenze","CO","mg/m³","25/05/2022","05","0.28","1"
"Potenza_Viale_Firenze","CO","mg/m³","25/05/2022","06","0.57","1"
"Potenza_Viale_Firenze","CO","mg/m³","25/05/2022","07","0.85","1"
"Potenza_Viale_Firenze","CO","mg/m³","25/05/2022","08","0.70","1"
"Potenza_Viale_Firenze","CO","mg/m³","25/05/2022","09","0.74","1"
"Potenza_Viale_Firenze","CO","mg/m³","25/05/2022","10","0.71","1"
"Potenza_Viale_Firenze","CO","mg/m³","25/05/2022","11","0.52","1"
"Potenza_Viale_Firenze","CO","mg/m³","25/05/2022","12","0.47","-1"
"Potenza_Viale_Firenze","CO","mg/m³","25/05/2022","13","0.46","1"
"Potenza_Viale_Firenze","CO","mg/m³","25/05/2022","14","0.43","1"
"Potenza_Viale_Firenze","CO","mg/m³","25/05/2022","15","0.39","1"
"Potenza_Viale_Firenze","CO","mg/m³","25/05/2022","16","0.39","1"
"Potenza_Viale_Firenze","CO","mg/m³","25/05/2022","17","0.44","1"
"Potenza_Viale_Firenze","CO","mg/m³","25/05/2022","18","0.48","1"
"Potenza_Viale_Firenze","CO","mg/m³","25/05/2022","19","0.54","1"
"Potenza_Viale_Firenze","CO","mg/m³","25/05/2022","20","0.91","1"
"Potenza_Viale_Firenze","CO","mg/m³","25/05/2022","21","0.76","1"
"Potenza_Viale_Firenze","CO","mg/m³","25/05/2022","22","0.56","1"
"Potenza_Viale_Firenze","CO","mg/m³","25/05/2022","23","0.51","1"
"Potenza_Viale_Firenze","CO","mg/m³","25/05/2022","24","0.42","1"
"Potenza_Viale_Firenze","CO","mg/m³","26/05/2022","01","0.31","1"
"Potenza_Viale_Firenze","CO","mg/m³","26/05/2022","02","0.28","1"
"Potenza_Viale_Firenze","CO","mg/m³","26/05/2022","03","0.30","1"
"Potenza_Viale_Firenze","CO","mg/m³","26/05/2022","04","0.27","1"
"Potenza_Viale_Firenze","CO","mg/m³","26/05/2022","05","0.33","1"
"Potenza_Viale_Firenze","CO","mg/m³","26/05/2022","06","0.50","1"
"Potenza_Viale_Firenze","CO","mg/m³","26/05/2022","07","0.57","1"
"Potenza_Viale_Firenze","CO","mg/m³","26/05/2022","08","0.61","1"
"Potenza_Viale_Firenze","CO","mg/m³","26/05/2022","09","0.59","1"
"Potenza_Viale_Firenze","CO","mg/m³","26/05/2022","10","0.58","1"
"Potenza_Viale_Firenze","CO","mg/m³","26/05/2022","11","0.52","-1"
"Potenza_Viale_Firenze","CO","mg/m³","26/05/2022","12","0.48","1"
"Potenza_Viale_Firenze","CO","mg/m³","26/05/2022","13","0.47","1"
"Potenza_Viale_Firenze","CO","mg/m³","26/05/2022","14","0.45","1"
"Potenza_Viale_Firenze","CO","mg/m³","26/05/2022","15","0.41","1"
"Potenza_Viale_Firenze","CO","mg/m³","26/05/2022","16","0.40","1"
"Potenza_Viale_Firenze","CO","mg/m³","26/05/2022","17","0.40","1"
"Potenza_Viale_Firenze","CO","mg/m³","26/05/2022","18","0.46","1"
"Potenza_Viale_Firenze","CO","mg/m³","26/05/2022","19","0.55","1"
"Potenza_Viale_Firenze","CO","mg/m³","26/05/2022","20","0.59","1"
"Potenza_Viale_Firenze","CO","mg/m³","26/05/2022","21","0.65","1"
"Potenza_Viale_Firenze","CO","mg/m³","26/05/2022","22","0.58","1"
"Potenza_Viale_Firenze","CO","mg/m³","26/05/2022","23","0.54","1"
"Potenza_Viale_Firenze","CO","mg/m³","26/05/2022","24","0.51","1"
"Potenza_Viale_Firenze","CO","mg/m³","27/05/2022","01","0.37","1"
"Potenza_Viale_Firenze","CO","mg/m³","27/05/2022","02","0.37","1"
"Potenza_Viale_Firenze","CO","mg/m³","27/05/2022","03","0.30","1"
"Potenza_Viale_Firenze","CO","mg/m³","27/05/2022","04","0.36","1"
"Potenza_Viale_Firenze","CO","mg/m³","27/05/2022","05","0.39","1"
"Potenza_Viale_Firenze","CO","mg/m³","27/05/2022","06","0.35","1"
"Potenza_Viale_Firenze","CO","mg/m³","27/05/2022","07","0.54","1"
"Potenza_Viale_Firenze","CO","mg/m³","27/05/2022","08","0.75","1"
"Potenza_Viale_Firenze","CO","mg/m³","27/05/2022","09","0.72","1"
"Potenza_Viale_Firenze","CO","mg/m³","27/05/2022","10","0.54","-1"
"Potenza_Viale_Firenze","CO","mg/m³","27/05/2022","11","0.48","1"
"Potenza_Viale_Firenze","CO","mg/m³","27/05/2022","12","0.42","1"
"Potenza_Viale_Firenze","CO","mg/m³","27/05/2022","13","0.42","1"
"Potenza_Viale_Firenze","CO","mg/m³","27/05/2022","14","0.35","1"
"Potenza_Viale_Firenze","CO","mg/m³","27/05/2022","15","0.36","1"
"Potenza_Viale_Firenze","CO","mg/m³","27/05/2022","16","0.36","1"
"Potenza_Viale_Firenze","CO","mg/m³","27/05/2022","17","0.41","1"
"Potenza_Viale_Firenze","CO","mg/m³","27/05/2022","18","0.49","1"
"Potenza_Viale_Firenze","CO","mg/m³","27/05/2022","19","0.51","1"
"Potenza_Viale_Firenze","CO","mg/m³","27/05/2022","20","0.69","1"
"Potenza_Viale_Firenze","CO","mg/m³","27/05/2022","21","0.62","1"
"Potenza_Viale_Firenze","CO","mg/m³","27/05/2022","22","0.54","1"
"Potenza_Viale_Firenze","CO","mg/m³","27/05/2022","23","0.46","1"
"Potenza_Viale_Firenze","CO","mg/m³","27/05/2022","24","0.35","1"
"Potenza_Viale_Firenze","CO","mg/m³","28/05/2022","01","0.38","1"
"Potenza_Viale_Firenze","CO","mg/m³","28/05/2022","02","0.36","1"
"Potenza_Viale_Firenze","CO","mg/m³","28/05/2022","03","0.36","1"
"Potenza_Viale_Firenze","CO","mg/m³","28/05/2022","04","0.35","1"
"Potenza_Viale_Firenze","CO","mg/m³","28/05/2022","05","0.39","1"
"Potenza_Viale_Firenze","CO","mg/m³","28/05/2022","06","0.39","1"
"Potenza_Viale_Firenze","CO","mg/m³","28/05/2022","07","0.53","1"
"Potenza_Viale_Firenze","CO","mg/m³","28/05/2022","08","0.73","1"
"Potenza_Viale_Firenze","CO","mg/m³","28/05/2022","09","0.53","-1"
"Potenza_Viale_Firenze","CO","mg/m³","28/05/2022","10","0.44","1"
"Potenza_Viale_Firenze","CO","mg/m³","28/05/2022","11","0.44","1"
"Potenza_Viale_Firenze","CO","mg/m³","28/05/2022","12","0.44","1"
"Potenza_Viale_Firenze","CO","mg/m³","28/05/2022","13","0.43","1"
"Potenza_Viale_Firenze","CO","mg/m³","28/05/2022","14","0.31","1"
"Potenza_Viale_Firenze","CO","mg/m³","28/05/2022","15","0.29","1"
"Potenza_Viale_Firenze","CO","mg/m³","28/05/2022","16","0.31","1"
"Potenza_Viale_Firenze","CO","mg/m³","28/05/2022","17","0.34","1"
"Potenza_Viale_Firenze","CO","mg/m³","28/05/2022","18","0.38","1"
"Potenza_Viale_Firenze","CO","mg/m³","28/05/2022","19","0.40","1"
"Potenza_Viale_Firenze","CO","mg/m³","28/05/2022","20","0.41","1"
"Potenza_Viale_Firenze","CO","mg/m³","28/05/2022","21","0.53","1"
"Potenza_Viale_Firenze","CO","mg/m³","28/05/2022","22","0.43","1"
"Potenza_Viale_Firenze","CO","mg/m³","28/05/2022","23","0.38","1"
"Potenza_Viale_Firenze","CO","mg/m³","28/05/2022","24","0.47","1"
"Potenza_Viale_Firenze","CO","mg/m³","29/05/2022","01","0.36","1"
"Potenza_Viale_Firenze","CO","mg/m³","29/05/2022","02","0.29","1"
"Potenza_Viale_Firenze","CO","mg/m³","29/05/2022","03","0.31","1"
"Potenza_Viale_Firenze","CO","mg/m³","29/05/2022","04","0.30","1"
"Potenza_Viale_Firenze","CO","mg/m³","29/05/2022","05","0.27","1"
"Potenza_Viale_Firenze","CO","mg/m³","29/05/2022","06","0.26","1"
"Potenza_Viale_Firenze","CO","mg/m³","29/05/2022","07","0.26","1"
"Potenza_Viale_Firenze","CO","mg/m³","29/05/2022","08","0.29","-1"
"Potenza_Viale_Firenze","CO","mg/m³","29/05/2022","09","0.29","1"
"Potenza_Viale_Firenze","CO","mg/m³","29/05/2022","10","0.31","1"
"Potenza_Viale_Firenze","CO","mg/m³","29/05/2022","11","0.31","1"
"Potenza_Viale_Firenze","CO","mg/m³","29/05/2022","12","0.32","1"
"Potenza_Viale_Firenze","CO","mg/m³","29/05/2022","13","0.32","1"
"Potenza_Viale_Firenze","CO","mg/m³","29/05/2022","14","0.29","1"
"Potenza_Viale_Firenze","CO","mg/m³","29/05/2022","15","0.29","1"
"Potenza_Viale_Firenze","CO","mg/m³","29/05/2022","16","0.29","1"
"Potenza_Viale_Firenze","CO","mg/m³","29/05/2022","17","0.36","1"
"Potenza_Viale_Firenze","CO","mg/m³","29/05/2022","18","0.31","1"
"Potenza_Viale_Firenze","CO","mg/m³","29/05/2022","19","0.36","1"
"Potenza_Viale_Firenze","CO","mg/m³","29/05/2022","20","0.31","1"
"Potenza_Viale_Firenze","CO","mg/m³","29/05/2022","21","0.27","1"
"Potenza_Viale_Firenze","CO","mg/m³","29/05/2022","22","0.34","1"
"Potenza_Viale_Firenze","CO","mg/m³","29/05/2022","23","0.32","1"
"Potenza_Viale_Firenze","CO","mg/m³","29/05/2022","24","0.29","1"
"Potenza_Viale_Firenze","CO","mg/m³","30/05/2022","01","0.26","1"
"Potenza_Viale_Firenze","CO","mg/m³","30/05/2022","02","0.29","1"
"Potenza_Viale_Firenze","CO","mg/m³","30/05/2022","03","0.27","1"
"Potenza_Viale_Firenze","CO","mg/m³","30/05/2022","04","0.25","1"
"Potenza_Viale_Firenze","CO","mg/m³","30/05/2022","05","0.30","1"
"Potenza_Viale_Firenze","CO","mg/m³","30/05/2022","06","0.32","1"
"Potenza_Viale_Firenze","CO","mg/m³","30/05/2022","07","0.34","-1"
"Potenza_Viale_Firenze","CO","mg/m³","30/05/2022","08","0.32","1"
"Potenza_Viale_Firenze","CO","mg/m³","30/05/2022","09","0.34","1"
"Potenza_Viale_Firenze","CO","mg/m³","30/05/2022","10","0.34","1"
"Potenza_Viale_Firenze","CO","mg/m³","30/05/2022","11","0.35","1"
"Potenza_Viale_Firenze","CO","mg/m³","30/05/2022","12","0.36","1"
"Potenza_Viale_Firenze","CO","mg/m³","30/05/2022","13","0.34","1"
"Potenza_Viale_Firenze","CO","mg/m³","30/05/2022","14","0.32","1"
"Potenza_Viale_Firenze","CO","mg/m³","30/05/2022","15","0.30","1"
"Potenza_Viale_Firenze","CO","mg/m³","30/05/2022","16","0.29","1"
"Potenza_Viale_Firenze","CO","mg/m³","30/05/2022","17","0.32","1"
"Potenza_Viale_Firenze","CO","mg/m³","30/05/2022","18","0.32","1"
"Potenza_Viale_Firenze","CO","mg/m³","30/05/2022","19","0.38","1"
"Potenza_Viale_Firenze","CO","mg/m³","30/05/2022","20","0.30","1"
"Potenza_Viale_Firenze","CO","mg/m³","30/05/2022","21","0.30","1"
"Potenza_Viale_Firenze","CO","mg/m³","30/05/2022","22","0.39","1"
"Potenza_Viale_Firenze","CO","mg/m³","30/05/2022","23","0.52","1"
"Potenza_Viale_Firenze","CO","mg/m³","30/05/2022","24","0.36","1"
"Potenza_Viale_Firenze","CO","mg/m³","31/05/2022","01","0.33","1"
"Potenza_Viale_Firenze","CO","mg/m³","31/05/2022","02","0.29","1"
"Potenza_Viale_Firenze","CO","mg/m³","31/05/2022","03","0.30","1"
"Potenza_Viale_Firenze","CO","mg/m³","31/05/2022","04","0.26","1"
"Potenza_Viale_Firenze","CO","mg/m³","31/05/2022","05","0.26","1"
"Potenza_Viale_Firenze","CO","mg/m³","31/05/2022","06","0.37","-1"
"Potenza_Viale_Firenze","CO","mg/m³","31/05/2022","07","0.36","1"
"Potenza_Viale_Firenze","CO","mg/m³","31/05/2022","08","0.40","1"
"Potenza_Viale_Firenze","CO","mg/m³","31/05/2022","09","0.44","1"
"Potenza_Viale_Firenze","CO","mg/m³","31/05/2022","10","0.44","1"
"Potenza_Viale_Firenze","CO","mg/m³","31/05/2022","11","0.40","1"
"Potenza_Viale_Firenze","CO","mg/m³","31/05/2022","12","0.40","1"
"Potenza_Viale_Firenze","CO","mg/m³","31/05/2022","13","0.39","1"
"Potenza_Viale_Firenze","CO","mg/m³","31/05/2022","14","0.37","1"
"Potenza_Viale_Firenze","CO","mg/m³","31/05/2022","15","0.34","1"
"Potenza_Viale_Firenze","CO","mg/m³","31/05/2022","16","0.35","1"
"Potenza_Viale_Firenze","CO","mg/m³","31/05/2022","17","0.36","1"
"Potenza_Viale_Firenze","CO","mg/m³","31/05/2022","18","0.39","1"
"Potenza_Viale_Firenze","CO","mg/m³","31/05/2022","19","0.49","1"
"Potenza_Viale_Firenze","CO","mg/m³","31/05/2022","20","0.57","1"
"Potenza_Viale_Firenze","CO","mg/m³","31/05/2022","21","0.60","1"
"Potenza_Viale_Firenze","CO","mg/m³","31/05/2022","22","0.62","1"
"Potenza_Viale_Firenze","CO","mg/m³","31/05/2022","23","0.43","1"
"Potenza_Viale_Firenze","CO","mg/m³","31/05/2022","24","0.45","1"
"Potenza_Viale_Firenze","CO","mg/m³","01/06/2022","01","0.36","1"
"Potenza_Viale_Firenze","CO","mg/m³","01/06/2022","02","0.31","1"
"Potenza_Viale_Firenze","CO","mg/m³","01/06/2022","03","0.29","1"
"Potenza_Viale_Firenze","CO","mg/m³","01/06/2022","04","0.29","1"
"Potenza_Viale_Firenze","CO","mg/m³","01/06/2022","05","0.36","-1"
"Potenza_Viale_Firenze","CO","mg/m³","01/06/2022","06","0.56","1"
"Potenza_Viale_Firenze","CO","mg/m³","01/06/2022","07","0.79","1"
"Potenza_Viale_Firenze","CO","mg/m³","01/06/2022","08","0.50","1"
"Potenza_Viale_Firenze","CO","mg/m³","01/06/2022","09","0.82","1"
"Potenza_Viale_Firenze","CO","mg/m³","01/06/2022","10","0.50","1"
"Potenza_Viale_Firenze","CO","mg/m³","01/06/2022","11","0.41","1"
"Potenza_Viale_Firenze","CO","mg/m³","01/06/2022","12","0.42","1"
"Potenza_Viale_Firenze","CO","mg/m³","01/06/2022","13","0.43","1"
"Potenza_Viale_Firenze","CO","mg/m³","01/06/2022","14","0.44","1"
"Potenza_Viale_Firenze","CO","mg/m³","01/06/2022","15","0.40","1"
"Potenza_Viale_Firenze","CO","mg/m³","01/06/2022","16","0.41","1"
"Potenza_Viale_Firenze","CO","mg/m³","01/06/2022","17","0.43","1"
"Potenza_Viale_Firenze","CO","mg/m³","01/06/2022","18","0.48","1"
"Potenza_Viale_Firenze","CO","mg/m³","01/06/2022","19","0.43","1"
"Potenza_Viale_Firenze","CO","mg/m³","01/06/2022","20","0.58","1"
"Potenza_Viale_Firenze","CO","mg/m³","01/06/2022","21","0.68","1"
"Potenza_Viale_Firenze","CO","mg/m³","01/06/2022","22","0.49","1"
"Potenza_Viale_Firenze","CO","mg/m³","01/06/2022","23","0.43","1"
"Potenza_Viale_Firenze","CO","mg/m³","01/06/2022","24","0.47","1"
"Potenza_Viale_Firenze","CO","mg/m³","02/06/2022","01","0.41","1"
"Potenza_Viale_Firenze","CO","mg/m³","02/06/2022","02","0.36","1"
"Potenza_Viale_Firenze","CO","mg/m³","02/06/2022","03","0.32","1"
"Potenza_Viale_Firenze","CO","mg/m³","02/06/2022","04","0.30","-1"
"Potenza_Viale_Firenze","CO","mg/m³","02/06/2022","05","0.33","1"
"Potenza_Viale_Firenze","CO","mg/m³","02/06/2022","06","0.41","1"
"Potenza_Viale_Firenze","CO","mg/m³","02/06/2022","07","0.42","1"
"Potenza_Viale_Firenze","CO","mg/m³","02/06/2022","08","0.33","1"
"Potenza_Viale_Firenze","CO","mg/m³","02/06/2022","09","0.38","1"
"Potenza_Viale_Firenze","CO","mg/m³","02/06/2022","10","0.38","1"
"Potenza_Viale_Firenze","CO","mg/m³","02/06/2022","11","0.39","1"
"Potenza_Viale_Firenze","CO","mg/m³","02/06/2022","12","0.38","1"
"Potenza_Viale_Firenze","CO","mg/m³","02/06/2022","13","0.37","1"
"Potenza_Viale_Firenze","CO","mg/m³","02/06/2022","14","0.34","1"
"Potenza_Viale_Firenze","CO","mg/m³","02/06/2022","15","0.33","1"
"Potenza_Viale_Firenze","CO","mg/m³","02/06/2022","16","0.32","1"
"Potenza_Viale_Firenze","CO","mg/m³","02/06/2022","17","0.34","1"
"Potenza_Viale_Firenze","CO","mg/m³","02/06/2022","18","0.42","1"
"Potenza_Viale_Firenze","CO","mg/m³","02/06/2022","19","0.46","1"
"Potenza_Viale_Firenze","CO","mg/m³","02/06/2022","20","0.66","1"
"Potenza_Viale_Firenze","CO","mg/m³","02/06/2022","21","0.65","1"
"Potenza_Viale_Firenze","CO","mg/m³","02/06/2022","22","0.66","1"
"Potenza_Viale_Firenze","CO","mg/m³","02/06/2022","23","0.53","1"
"Potenza_Viale_Firenze","CO","mg/m³","02/06/2022","24","0.48","1"
"Potenza_Viale_Firenze","CO","mg/m³","03/06/2022","01","0.37","1"
"Potenza_Viale_Firenze","CO","mg/m³","03/06/2022","02","0.31","1"
"Potenza_Viale_Firenze","CO","mg/m³","03/06/2022","03","0.30","-1"
"Potenza_Viale_Firenze","CO","mg/m³","03/06/2022","04","0.28","1"
"Potenza_Viale_Firenze","CO","mg/m³","03/06/2022","05","0.37","1"
"Potenza_Viale_Firenze","CO","mg/m³","03/06/2022","06","0.54","1"
"Potenza_Viale_Firenze","CO","mg/m³","03/06/2022","07","0.54","1"
"Potenza_Viale_Firenze","CO","mg/m³","03/06/2022","08","0.62","1"
"Potenza_Viale_Firenze","CO","mg/m³","03/06/2022","09","0.69","1"
"Potenza_Viale_Firenze","CO","mg/m³","03/06/2022","10","0.63","1"
"Potenza_Viale_Firenze","CO","mg/m³","03/06/2022","11","0.53","1"
"Potenza_Viale_Firenze","CO","mg/m³","03/06/2022","12","0.51","1"
"Potenza_Viale_Firenze","CO","mg/m³","03/06/2022","13","0.48","1"
"Potenza_Viale_Firenze","CO","mg/m³","03/06/2022","14","0.41","1"
"Potenza_Viale_Firenze","CO","mg/m³","03/06/2022","15","0.39","1"
"Potenza_Viale_Firenze","CO","mg/m³","03/06/2022","16","0.41","1"
"Potenza_Viale_Firenze","CO","mg/m³","03/06/2022","17","0.41","1"
"Potenza_Viale_Firenze","CO","mg/m³","03/06/2022","18","0.47","1"
"Potenza_Viale_Firenze","CO","mg/m³","03/06/2022","19","0.58","1"
"Potenza_Viale_Firenze","CO","mg/m³","03/06/2022","20","0.71","1"
"Potenza_Viale_Firenze","CO","mg/m³","03/06/2022","21","0.71","1"
"Potenza_Viale_Firenze","CO","mg/m³","03/06/2022","22","0.59","1"
"Potenza_Viale_Firenze","CO","mg/m³","03/06/2022","23","0.51","1"
"Potenza_Viale_Firenze","CO","mg/m³","03/06/2022","24","0.44","1"
"Potenza_Viale_Firenze","CO","mg/m³","04/06/2022","01","0.36","1"
"Potenza_Viale_Firenze","CO","mg/m³","04/06/2022","02","0.33","-1"
"Potenza_Viale_Firenze","CO","mg/m³","04/06/2022","03","0.32","1"
"Potenza_Viale_Firenze","CO","mg/m³","04/06/2022","04","0.30","1"
"Potenza_Viale_Firenze","CO","mg/m³","04/06/2022","05","0.37","1"
"Potenza_Viale_Firenze","CO","mg/m³","04/06/2022","06","0.44","1"
"Potenza_Viale_Firenze","CO","mg/m³","04/06/2022","07","0.62","1"
"Potenza_Viale_Firenze","CO","mg/m³","04/06/2022","08","0.53","1"
"Potenza_Viale_Firenze","CO","mg/m³","04/06/2022","09","0.50","1"
"Potenza_Viale_Firenze","CO","mg/m³","04/06/2022","10","0.46","1"
"Potenza_Viale_Firenze","CO","mg/m³","04/06/2022","11","0.43","1"
"Potenza_Viale_Firenze","CO","mg/m³","04/06/2022","12","0.38","1"
"Potenza_Viale_Firenze","CO","mg/m³","04/06/2022","13","0.35","1"
"Potenza_Viale_Firenze","CO","mg/m³","04/06/2022","14","0.34","1"
"Potenza_Viale_Firenze","CO","mg/m³","04/06/2022","15","0.31","1"
"Potenza_Viale_Firenze","CO","mg/m³","04/06/2022","16","0.33","1"
"Potenza_Viale_Firenze","CO","mg/m³","04/06/2022","17","0.35","1"
"Potenza_Viale_Firenze","CO","mg/m³","04/06/2022","18","0.37","1"
"Potenza_Viale_Firenze","CO","mg/m³","04/06/2022","19","0.40","1"
"Potenza_Viale_Firenze","CO","mg/m³","04/06/2022","20","0.45","1"
"Potenza_Viale_Firenze","CO","mg/m³","04/06/2022","21","0.58","1"
"Potenza_Viale_Firenze","CO","mg/m³","04/06/2022","22","0.51","1"
"Potenza_Viale_Firenze","CO","mg/m³","04/06/2022","23","0.50","1"
"Potenza_Viale_Firenze","CO","mg/m³","04/06/2022","24","0.48","1"
"Potenza_Viale_Firenze","CO","mg/m³","05/06/2022","01","0.49","-1"
"Potenza_Viale_Firenze","CO","mg/m³","05/06/2022","02","0.37","1"
"Potenza_Viale_Firenze","CO","mg/m³","05/06/2022","03","0.34","1"
"Potenza_Viale_Firenze","CO","mg/m³","05/06/2022","04","0.37","1"
"Potenza_Viale_Firenze","CO","mg/m³","05/06/2022","05","0.35","1"
"Potenza_Viale_Firenze","CO","mg/m³","05/06/2022","06","0.38","1"
"Potenza_Viale_Firenze","CO","mg/m³","05/06/2022","07","0.38","1"
"Potenza_Viale_Firenze","CO","mg/m³","05/06/2022","08","0.39","1"
"Potenza_Viale_Firenze","CO","mg/m³","05/06/2022","09","0.40","1"
"Potenza_Viale_Firenze","CO","mg/m³","05/06/2022","10","0.43","1"
"Potenza_Viale_Firenze","CO","mg/m³","05/06/2022","11","0.41","1"
"Potenza_Viale_Firenze","CO","mg/m³","05/06/2022","12","0.38","1"
"Potenza_Viale_Firenze","CO","mg/m³","05/06/2022","13","0.36","1"
"Potenza_Viale_Firenze","CO","mg/m³","05/06/2022","14","0.31","1"
"Potenza_Viale_Firenze","CO","mg/m³","05/06/2022","15","0.30","1"
"Potenza_Viale_Firenze","CO","mg/m³","05/06/2022","16","0.30","1"
"Potenza_Viale_Firenze","CO","mg/m³","05/06/2022","17","0.33","1"
"Potenza_Viale_Firenze","CO","mg/m³","05/06/2022","18","0.37","1"
"Potenza_Viale_Firenze","CO","mg/m³","05/06/2022","19","0.42","1"
"Potenza_Viale_Firenze","CO","mg/m³","05/06/2022","20","0.48","1"
"Potenza_Viale_Firenze","CO","mg/m³","05/06/2022","21","0.54","1"
"Potenza_Viale_Firenze","CO","mg/m³","05/06/2022","22","0.47","1"
"Potenza_Viale_Firenze","CO","mg/m³","05/06/2022","23","0.47","1"
"Potenza_Viale_Firenze","CO","mg/m³","05/06/2022","24","0.44","-1"
"Potenza_Viale_Firenze","CO","mg/m³","06/06/2022","01","0.43","1"
"Potenza_Viale_Firenze","CO","mg/m³","06/06/2022","02","0.35","1"
"Potenza_Viale_Firenze","CO","mg/m³","06/06/2022","03","0.33","1"
"Potenza_Viale_Firenze","CO","mg/m³","06/06/2022","04","0.31","1"
"Potenza_Viale_Firenze","CO","mg/m³","06/06/2022","05","0.34","1"
"Potenza_Viale_Firenze","CO","mg/m³","06/06/2022","06","0.43","1"
"Potenza_Viale_Firenze","CO","mg/m³","06/06/2022","07","0.47","1"
"Potenza_Viale_Firenze","CO","mg/m³","06/06/2022","08","0.49","1"
"Potenza_Viale_Firenze","CO","mg/m³","06/06/2022","09","0.54","1"
"Potenza_Viale_Firenze","CO","mg/m³","06/06/2022","10","0.51","1"
"Potenza_Viale_Firenze","CO","mg/m³","06/06/2022","11","0.46","1"
"Potenza_Viale_Firenze","CO","mg/m³","06/06/2022","12","0.45","1"
"Potenza_Viale_Firenze","CO","mg/m³","06/06/2022","13","0.44","1"
"Potenza_Viale_Firenze","CO","mg/m³","06/06/2022","14","0.39","1"
"Potenza_Viale_Firenze","CO","mg/m³","06/06/2022","15","0.40","1"
"Potenza_Viale_Firenze","CO","mg/m³","06/06/2022","16","0.42","1"
"Potenza_Viale_Firenze","CO","mg/m³","06/06/2022","17","0.44","1"
"Potenza_Viale_Firenze","CO","mg/m³","06/06/2022","18","0.43","1"
"Potenza_Viale_Firenze","CO","mg/m³","06/06/2022","19","0.39","1"
"Potenza_Viale_Firenze","CO","mg/m³","06/06/2022","20","0.44","1"
"Potenza_Viale_Firenze","CO","mg/m³","06/06/2022","21","0.54","1"
"Potenza_Viale_Firenze","CO","mg/m³","06/06/2022","22","0.51","1"
"Potenza_Viale_Firenze","CO","mg/m³","06/06/2022","23","0.46","-1"
"Potenza_Viale_Firenze","CO","mg/m³","06/06/2022","24","0.41","1"
"Potenza_Viale_Firenze","CO","mg/m³","07/06/2022","01","0.38","1"
"Potenza_Viale_Firenze","CO","mg/m³","07/06/2022","02","0.33","1"
"Potenza_Viale_Firenze","CO","mg/m³","07/06/2022","03","0.30","1"
"Potenza_Viale_Firenze","CO","mg/m³","07/06/2022","04","0.28","1"
"Potenza_Viale_Firenze","CO","mg/m³","07/06/2022","05","0.32","1"
"Potenza_Viale_Firenze","CO","mg/m³","07/06/2022","06","0.37","1"
"Potenza_Viale_Firenze","CO","mg/m³","07/06/2022","07","0.64","1"
"Potenza_Viale_Firenze","CO","mg/m³","07/06/2022","08","0.56","1"
"Potenza_Viale_Firenze","CO","mg/m³","07/06/2022","09","0.40","1"
"Potenza_Viale_Firenze","CO","mg/m³","07/06/2022","10","0.43","1"
"Potenza_Viale_Firenze","CO","mg/m³","07/06/2022","11","0.42","1"
"Potenza_Viale_Firenze","CO","mg/m³","07/06/2022","12","0.38","1"
"Potenza_Viale_Firenze","CO","mg/m³","07/06/2022","13","0.40","1"
"Potenza_Viale_Firenze","CO","mg/m³","07/06/2022","14","0.35","1"
"Potenza_Viale_Firenze","CO","mg/m³","07/06/2022","15","0.35","1"
"Potenza_Viale_Firenze","CO","mg/m³","07/06/2022","16","0.36","1"
"Potenza_Viale_Firenze","CO","mg/m³","07/06/2022","17","0.40","1"
"Potenza_Viale_Firenze","CO","mg/m³","07/06/2022","18","0.46","1"
"Potenza_Viale_Firenze","CO","mg/m³","07/06/2022","19","0.38","1"
"Potenza_Viale_Firenze","CO","mg/m³","07/06/2022","20","0.40","1"
"Potenza_Viale_Firenze","CO","mg/m³","07/06/2022","21","0.45","1"
"Potenza_Viale_Firenze","CO","mg/m³","07/06/2022","22","0.34","-1"
"Potenza_Viale_Firenze","CO","mg/m³","07/06/2022","23","0.31","1"
"Potenza_Viale_Firenze","CO","mg/m³","07/06/2022","24","0.34","1"
"Potenza_Viale_Firenze","CO","mg/m³","08/06/2022","01","0.28","1"
"Potenza_Viale_Firenze","CO","mg/m³","08/06/2022","02","0.25","1"
"Potenza_Viale_Firenze","CO","mg/m³","08/06/2022","03","0.26","1"
"Potenza_Viale_Firenze","CO","mg/m³","08/06/2022","04","0.24","1"
"Potenza_Viale_Firenze","CO","mg/m³","08/06/2022","05","0.27","1"
"Potenza_Viale_Firenze","CO","mg/m³","08/06/2022","06","0.28","1"
"Potenza_Viale_Firenze","CO","mg/m³","08/06/2022","07","0.44","1"
"Potenza_Viale_Firenze","CO","mg/m³","08/06/2022","08","0.44","1"
"Potenza_Viale_Firenze","CO","mg/m³","08/06/2022","09","0.48","1"
"Potenza_Viale_Firenze","CO","mg/m³","08/06/2022","10","0.42","1"
"Potenza_Viale_Firenze","CO","mg/m³","08/06/2022","11","0.37","1"
"Potenza_Viale_Firenze","CO","mg/m³","08/06/2022","12","0.37","1"
"Potenza_Viale_Firenze","CO","mg/m³","08/06/2022","13","0.36","1"
"Potenza_Viale_Firenze","CO","mg/m³","08/06/2022","14","0.37","1"
"Potenza_Viale_Firenze","CO","mg/m³","08/06/2022","15","0.33","1"
"Potenza_Viale_Firenze","CO","mg/m³","08/06/2022","16","0.32","1"
"Potenza_Viale_Firenze","CO","mg/m³","08/06/2022","17","0.36","1"
"Potenza_Viale_Firenze","CO","mg/m³","08/06/2022","18","0.35","1"
"Potenza_Viale_Firenze","CO","mg/m³","08/06/2022","19","0.41","1"
"Potenza_Viale_Firenze","CO","mg/m³","08/06/2022","20","0.48","1"
"Potenza_Viale_Firenze","CO","mg/m³","08/06/2022","21","0.32","-1"
"Potenza_Viale_Firenze","CO","mg/m³","08/06/2022","22","0.30","1"
"Potenza_Viale_Firenze","CO","mg/m³","08/06/2022","23","0.29","1"
"Potenza_Viale_Firenze","CO","mg/m³","08/06/2022","24","0.28","1"
"Potenza_Viale_Firenze","CO","mg/m³","09/06/2022","01","0.26","1"
"Potenza_Viale_Firenze","CO","mg/m³","09/06/2022","02","0.24","1"
"Potenza_Viale_Firenze","CO","mg/m³","09/06/2022","03","0.26","1"
"Potenza_Viale_Firenze","CO","mg/m³","09/06/2022","04","0.26","1"
"Potenza_Viale_Firenze","CO","mg/m³","09/06/2022","05","0.25","1"
"Potenza_Viale_Firenze","CO","mg/m³","09/06/2022","06","0.29","1"
"Potenza_Viale_Firenze","CO","mg/m³","09/06/2022","07","0.37","1"
"Potenza_Viale_Firenze","CO","mg/m³","09/06/2022","08","0.41","1"
"Potenza_Viale_Firenze","CO","mg/m³","09/06/2022","09","0.64","1"
"Potenza_Viale_Firenze","CO","mg/m³","09/06/2022","10","0.43","1"
"Potenza_Viale_Firenze","CO","mg/m³","09/06/2022","11","0.42","1"
"Potenza_Viale_Firenze","CO","mg/m³","09/06/2022","12","0.48","1"
"Potenza_Viale_Firenze","CO","mg/m³","09/06/2022","13","0.49","1"
"Potenza_Viale_Firenze","CO","mg/m³","09/06/2022","14","0.38","1"
"Potenza_Viale_Firenze","CO","mg/m³","09/06/2022","15","0.35","1"
"Potenza_Viale_Firenze","CO","mg/m³","09/06/2022","16","0.51","1"
"Potenza_Viale_Firenze","CO","mg/m³","09/06/2022","17","0.44","1"
"Potenza_Viale_Firenze","CO","mg/m³","09/06/2022","18","0.40","1"
"Potenza_Viale_Firenze","CO","mg/m³","09/06/2022","19","0.52","1"
"Potenza_Viale_Firenze","CO","mg/m³","09/06/2022","20","0.47","-1"
"Potenza_Viale_Firenze","CO","mg/m³","09/06/2022","21","0.36","1"
"Potenza_Viale_Firenze","CO","mg/m³","09/06/2022","22","0.33","1"
"Potenza_Viale_Firenze","CO","mg/m³","09/06/2022","23","0.27","1"
"Potenza_Viale_Firenze","CO","mg/m³","09/06/2022","24","0.29","1"
"Potenza_Viale_Firenze","CO","mg/m³","10/06/2022","01","0.29","1"
"Potenza_Viale_Firenze","CO","mg/m³","10/06/2022","02","0.24","1"
"Potenza_Viale_Firenze","CO","mg/m³","10/06/2022","03","0.25","1"
"Potenza_Viale_Firenze","CO","mg/m³","10/06/2022","04","0.23","1"
"Potenza_Viale_Firenze","CO","mg/m³","10/06/2022","05","0.35","1"
"Potenza_Viale_Firenze","CO","mg/m³","10/06/2022","06","0.43","1"
"Potenza_Viale_Firenze","CO","mg/m³","10/06/2022","07","0.35","1"
"Potenza_Viale_Firenze","CO","mg/m³","10/06/2022","08","0.34","1"
"Potenza_Viale_Firenze","CO","mg/m³","10/06/2022","09","0.46","1"
"Potenza_Viale_Firenze","CO","mg/m³","10/06/2022","10","0.53","1"
"Potenza_Viale_Firenze","CO","mg/m³","10/06/2022","11","0.47","1"
"Potenza_Viale_Firenze","CO","mg/m³","10/06/2022","12","0.37","1"
"Potenza_Viale_Firenze","CO","mg/m³","10/06/2022","13","0.38","1"
"Potenza_Viale_Firenze","CO","mg/m³","10/06/2022","14","0.32","1"
"Potenza_Viale_Firenze","CO","mg/m³","10/06/2022","15","0.34","1"
"Potenza_Viale_Firenze","CO","mg/m³","10/06/2022","16","0.40","1"
"Potenza_Viale_Firenze","CO","mg/m³","10/06/2022","17","0.40","1"
"Potenza_Viale_Firenze","CO","mg/m³","10/06/2022","18","0.44","1"
"Potenza_Viale_Firenze","CO","mg/m³","10/06/2022","19","0.48","-1"
"Potenza_Viale_Firenze","CO","mg/m³","10/06/2022","20","0.40","1"
"Potenza_Viale_Firenze","CO","mg/m³","10/06/2022","21","0.34","1"
"Potenza_Viale_Firenze","CO","mg/m³","10/06/2022","22","0.30","1"
"Potenza_Viale_Firenze","CO","mg/m³","10/06/2022","23","0.28","1"
"Potenza_Viale_Firenze","CO","mg/m³","10/06/2022","24","0.29","1"
"Potenza_Viale_Firenze","CO","mg/m³","11/06/2022","01","0.28","1"
"Potenza_Viale_Firenze","CO","mg/m³","11/06/2022","02","0.25","1"
"Potenza_Viale_Firenze","CO","mg/m³","11/06/2022","03","0.25","1"
"Potenza_Viale_Firenze","CO","mg/m³","11/06/2022","04","0.24","1"
"Potenza_Viale_Firenze","CO","mg/m³","11/06/2022","05","0.25","1"
"Potenza_Viale_Firenze","CO","mg/m³","11/06/2022","06","0.27","1"
"Potenza_Viale_Firenze","CO","mg/m³","11/06/2022","07","0.31","1"
"Potenza_Viale_Firenze","CO","mg/m³","11/06/2022","08","0.34","1"
"Potenza_Viale_Firenze","CO","mg/m³","11/06/2022","09","0.36","1"
"Potenza_Viale_Firenze","CO","mg/m³","11/06/2022","10","0.39","1"
"Potenza_Viale_Firenze","CO","mg/m³","11/06/2022","11","0.40","1"
"Potenza_Viale_Firenze","CO","mg/m³","11/06/2022","12","0.41","1"
"Potenza_Viale_Firenze","CO","mg/m³","11/06/2022","13","0.41","1"
"Potenza_Viale_Firenze","CO","mg/m³","11/06/2022","14","0.31","1"
"Potenza_Viale_Firenze","CO","mg/m³","11/06/2022","15","0.30","1"
"Potenza_Viale_Firenze","CO","mg/m³","11/06/2022","16","0.32","1"
"Potenza_Viale_Firenze","CO","mg/m³","11/06/2022","17","0.37","1"
"Potenza_Viale_Firenze","CO","mg/m³","11/06/2022","18","0.43","-1"
"Potenza_Viale_Firenze","CO","mg/m³","11/06/2022","19","0.42","1"
"Potenza_Viale_Firenze","CO","mg/m³","11/06/2022","20","0.38","1"
"Potenza_Viale_Firenze","CO","mg/m³","11/06/2022","21","0.30","1"
"Potenza_Viale_Firenze","CO","mg/m³","11/06/2022","22","0.38","1"
"Potenza_Viale_Firenze","CO","mg/m³","11/06/2022","23","0.35","1"
"Potenza_Viale_Firenze","CO","mg/m³","11/06/2022","24","0.36","1"
"Potenza_Viale_Firenze","CO","mg/m³","12/06/2022","01","0.30","1"
"Potenza_Viale_Firenze","CO","mg/m³","12/06/2022","02","0.26","1"
"Potenza_Viale_Firenze","CO","mg/m³","12/06/2022","03","0.27","1"
"Potenza_Viale_Firenze","CO","mg/m³","12/06/2022","04","0.27","1"
"Potenza_Viale_Firenze","CO","mg/m³","12/06/2022","05","0.29","1"
"Potenza_Viale_Firenze","CO","mg/m³","12/06/2022","06","0.31","1"
"Potenza_Viale_Firenze","CO","mg/m³","12/06/2022","07","0.31","1"
"Potenza_Viale_Firenze","CO","mg/m³","12/06/2022","08","0.31","1"
"Potenza_Viale_Firenze","CO","mg/m³","12/06/2022","09","0.31","1"
"Potenza_Viale_Firenze","CO","mg/m³","12/06/2022","10","0.32","1"
"Potenza_Viale_Firenze","CO","mg/m³","12/06/2022","11","0.32","1"
"Potenza_Viale_Firenze","CO","mg/m³","12/06/2022","12","0.34","1"
"Potenza_Viale_Firenze","CO","mg/m³","12/06/2022","13","0.33","1"
"Potenza_Viale_Firenze","CO","mg/m³","12/06/2022","14","0.28","1"
"Potenza_Viale_Firenze","CO","mg/m³","12/06/2022","15","0.28","1"
"Potenza_Viale_Firenze","CO","mg/m³","12/06/2022","16","0.31","1"
"Potenza_Viale_Firenze","CO","mg/m³","12/06/2022","17","0.35","-1"
"Potenza_Viale_Firenze","CO","mg/m³","12/06/2022","18","0.34","1"
"Potenza_Viale_Firenze","CO","mg/m³","12/06/2022","19","0.39","1"
"Potenza_Viale_Firenze","CO","mg/m³","12/06/2022","20","0.46","1"
"Potenza_Viale_Firenze","CO","mg/m³","12/06/2022","21","0.48","1"
"Potenza_Viale_Firenze","CO","mg/m³","12/06/2022","22","0.44","1"
"Potenza_Viale_Firenze","CO","mg/m³","12/06/2022","23","0.41","1"
"Potenza_Viale_Firenze","CO","mg/m³","12/06/2022","24","0.42","1"
"Potenza_Viale_Firenze","CO","mg/m³","13/06/2022","01","0.39","1"
"Potenza_Viale_Firenze","CO","mg/m³","13/06/2022","02","0.32","1"
"Potenza_Viale_Firenze","CO","mg/m³","13/06/2022","03","0.29","1"
"Potenza_Viale_Firenze","CO","mg/m³","13/06/2022","04","0.28","1"
"Potenza_Viale_Firenze","CO","mg/m³","13/06/2022","05","0.33","1"
"Potenza_Viale_Firenze","CO","mg/m³","13/06/2022","06","0.49","1"
"Potenza_Viale_Firenze","CO","mg/m³","13/06/2022","07","0.59","1"
"Potenza_Viale_Firenze","CO","mg/m³","13/06/2022","08","0.47","1"
"Potenza_Viale_Firenze","CO","mg/m³","13/06/2022","09","0.43","1"
"Potenza_Viale_Firenze","CO","mg/m³","13/06/2022","10","0.41","1"
"Potenza_Viale_Firenze","CO","mg/m³","13/06/2022","11","0.41","1"
"Potenza_Viale_Firenze","CO","mg/m³","13/06/2022","12","0.40","1"
"Potenza_Viale_Firenze","CO","mg/m³","13/06/2022","13","0.37","1"
"Potenza_Viale_Firenze","CO","mg/m³","13/06/2022","14","0.34","1"
"Potenza_Viale_Firenze","CO","mg/m³","13/06/2022","15","0.35","1"
"Potenza_Viale_Firenze","CO","mg/m³","13/06/2022","16","0.35","-1"
"Potenza_Viale_Firenze","CO","mg/m³","13/06/2022","17","0.36","1"
"Potenza_Viale_Firenze","CO","mg/m³","13/06/2022","18","0.39","1"
"Potenza_Viale_Firenze","CO","mg/m³","13/06/2022","19","0.47","1"
"Potenza_Viale_Firenze","CO","mg/m³","13/06/2022","20","0.58","1"
"Potenza_Viale_Firenze","CO","mg/m³","13/06/2022","21","0.51","1"
"Potenza_Viale_Firenze","CO","mg/m³","13/06/2022","22","0.44","1"
"Potenza_Viale_Firenze","CO","mg/m³","13/06/2022","23","0.49","1"
"Potenza_Viale_Firenze","CO","mg/m³","13/06/2022","24","0.41","1"
"Potenza_Viale_Firenze","CO","mg/m³","14/06/2022","01","0.37","1"
"Potenza_Viale_Firenze","CO","mg/m³","14/06/2022","02","0.31","1"
"Potenza_Viale_Firenze","CO","mg/m³","14/06/2022","03","0.31","1"
"Potenza_Viale_Firenze","CO","mg/m³","14/06/2022","04","0.30","1"
"Potenza_Viale_Firenze","CO","mg/m³","14/06/2022","05","0.34","1"
"Potenza_Viale_Firenze","CO","mg/m³","14/06/2022","06","0.54","1"
"Potenza_Viale_Firenze","CO","mg/m³","14/06/2022","07","0.51","1"
"Potenza_Viale_Firenze","CO","mg/m³","14/06/2022","08","0.44","1"
"Potenza_Viale_Firenze","CO","mg/m³","14/06/2022","09","0.41","1"
"Potenza_Viale_Firenze","CO","mg/m³","14/06/2022","10","0.44","1"
"Potenza_Viale_Firenze","CO","mg/m³","14/06/2022","11","0.45","1"
"Potenza_Viale_Firenze","CO","mg/m³","14/06/2022","12","0.42","1"
"Potenza_Viale_Firenze","CO","mg/m³","14/06/2022","13","0.43","1"
"Potenza_Viale_Firenze","CO","mg/m³","14/06/2022","14","0.41","1"
"Potenza_Viale_Firenze","CO","mg/m³","14/06/2022","15","0.42","-1"
"Potenza_Viale_Firenze","CO","mg/m³","14/06/2022","16","0.41","1"
"Potenza_Viale_Firenze","CO","mg/m³","14/06/2022","17","0.44","1"
"Potenza_Viale_Firenze","CO","mg/m³","14/06/2022","18","0.50","1"
"Potenza_Viale_Firenze","CO","mg/m³","14/06/2022","19","0.55","1"
"Potenza_Viale_Firenze","CO","mg/m³","14/06/2022","20","-9999","-1"
"Potenza_Viale_Firenze","CO","mg/m³","14/06/2022","21","0.43","1"
"Potenza_Viale_Firenze","CO","mg/m³","14/06/2022","22","0.31","1"
"Potenza_Viale_Firenze","CO","mg/m³","14/06/2022","23","0.28","1"
"Potenza_Viale_Firenze","CO","mg/m³","14/06/2022","24","0.31","1"
"Potenza_Viale_Firenze","CO","mg/m³","15/06/2022","01","0.25","1"
"Potenza_Viale_Firenze","CO","mg/m³","15/06/2022","02","0.23","1"
"Potenza_Viale_Firenze","CO","mg/m³","15/06/2022","03","0.19","1"
"Potenza_Viale_Firenze","CO","mg/m³","15/06/2022","04","0.19","1"
"Potenza_Viale_Firenze","CO","mg/m³","15/06/2022","05","0.23","1"
"Potenza_Viale_Firenze","CO","mg/m³","15/06/2022","06","0.31","1"
"Potenza_Viale_Firenze","CO","mg/m³","15/06/2022","07","0.37","1"
"Potenza_Viale_Firenze","CO","mg/m³","15/06/2022","08","0.34","1"
"Potenza_Viale_Firenze","CO","mg/m³","15/06/2022","09","0.38","1"
"Potenza_Viale_Firenze","CO","mg/m³","15/06/2022","10","0.30","1"
"Potenza_Viale_Firenze","CO","mg/m³","15/06/2022","11","0.36","1"
"Potenza_Viale_Firenze","CO","mg/m³","15/06/2022","12","0.34","1"
"Potenza_Viale_Firenze","CO","mg/m³","15/06/2022","13","0.33","1"
"Potenza_Viale_Firenze","CO","mg/m³","15/06/2022","14","0.29","-1"
"Potenza_Viale_Firenze","CO","mg/m³","15/06/2022","15","0.28","1"
"Potenza_Viale_Firenze","CO","mg/m³","15/06/2022","16","0.27","1"
"Potenza_Viale_Firenze","CO","mg/m³","15/06/2022","17","0.33","1"
"Potenza_Viale_Firenze","CO","mg/m³","15/06/2022","18","0.41","1"
"Potenza_Viale_Firenze","CO","mg/m³","15/06/2022","19","0.54","1"
"Potenza_Viale_Firenze","CO","mg/m³","15/06/2022","20","0.77","1"
"Potenza_Viale_Firenze","CO","mg/m³","15/06/2022","21","0.53","1"
"Potenza_Viale_Firenze","CO","mg/m³","15/06/2022","22","0.46","1"
"Potenza_Viale_Firenze","CO","mg/m³","15/06/2022","23","0.40","1"
"Potenza_Viale_Firenze","CO","mg/m³","15/06/2022","24","0.38","1"
"Potenza_Viale_Firenze","CO","mg/m³","16/06/2022","01","0.27","1"
"Potenza_Viale_Firenze","CO","mg/m³","16/06/2022","02","0.24","1"
"Potenza_Viale_Firenze","CO","mg/m³","16/06/2022","03","0.19","1"
"Potenza_Viale_Firenze","CO","mg/m³","16/06/2022","04","0.19","1"
"Potenza_Viale_Firenze","CO","mg/m³","16/06/2022","05","0.23","1"
"Potenza_Viale_Firenze","CO","mg/m³","16/06/2022","06","0.42","1"
"Potenza_Viale_Firenze","CO","mg/m³","16/06/2022","07","0.41","1"
"Potenza_Viale_Firenze","CO","mg/m³","16/06/2022","08","0.37","1"
"Potenza_Viale_Firenze","CO","mg/m³","16/06/2022","09","0.42","1"
"Potenza_Viale_Firenze","CO","mg/m³","16/06/2022","10","0.40","1"
"Potenza_Viale_Firenze","CO","mg/m³","16/06/2022","11","0.36","1"
"Potenza_Viale_Firenze","CO","mg/m³","16/06/2022","12","0.37","1"
"Potenza_Viale_Firenze","CO","mg/m³","16/06/2022","13","0.38","-1"
"Potenza_Viale_Firenze","CO","mg/m³","16/06/2022","14","0.30","1"
"Potenza_Viale_Firenze","CO","mg/m³","16/06/2022","15","0.30","1"
"Potenza_Viale_Firenze","CO","mg/m³","16/06/2022","16","0.30","1"
"Potenza_Viale_Firenze","CO","mg/m³","16/06/2022","17","0.30","1"
"Potenza_Viale_Firenze","CO","mg/m³","16/06/2022","18","0.28","1"
"Potenza_Viale_Firenze","CO","mg/m³","16/06/2022","19","0.31","1"
"Potenza_Viale_Firenze","CO","mg/m³","16/06/2022","20","0.35","1"
"Potenza_Viale_Firenze","CO","mg/m³","16/06/2022","21","0.39","1"
"Potenza_Viale_Firenze","CO","mg/m³","16/06/2022","22","0.31","1"
"Potenza_Viale_Firenze","CO","mg/m³","16/06/2022","23","0.30","1"
"Potenza_Viale_Firenze","CO","mg/m³","16/06/2022","24","0.28","1"
"Potenza_Viale_Firenze","CO","mg/m³","17/06/2022","01","0.27","1"
"Potenza_Viale_Firenze","CO","mg/m³","17/06/2022","02","0.25","1"
"Potenza_Viale_Firenze","CO","mg/m³","17/06/2022","03","0.22","1"
"Potenza_Viale_Firenze","CO","mg/m³","17/06/2022","04","0.20","1"
"Potenza_Viale_Firenze","CO","mg/m³","17/06/2022","05","0.26","1"
"Potenza_Viale_Firenze","CO","mg/m³","17/06/2022","06","0.44","1"
"Potenza_Viale_Firenze","CO","mg/m³","17/06/2022","07","0.45","1"
"Potenza_Viale_Firenze","CO","mg/m³","17/06/2022","08","0.33","1"
"Potenza_Viale_Firenze","CO","mg/m³","17/06/2022","09","0.36","1"
"Potenza_Viale_Firenze","CO","mg/m³","17/06/2022","10","0.35","1"
"Potenza_Viale_Firenze","CO","mg/m³","17/06/2022","11","0.31","1"
"Potenza_Viale_Firenze","CO","mg/m³","17/06/2022","12","0.31","-1"
"Potenza_Viale_Firenze","CO","mg/m³","17/06/2022","13","0.31","1"
"Potenza_Viale_Firenze","CO","mg/m³","17/06/2022","14","0.26","1"
"Potenza_Viale_Firenze","CO","mg/m³","17/06/2022","15","0.25","1"
"Potenza_Viale_Firenze","CO","mg/m³","17/06/2022","16","0.25","1"
"Potenza_Viale_Firenze","CO","mg/m³","17/06/2022","17","0.27","1"
"Potenza_Viale_Firenze","CO","mg/m³","17/06/2022","18","0.33","1"
"Potenza_Viale_Firenze","CO","mg/m³","17/06/2022","19","0.40","1"
"Potenza_Viale_Firenze","CO","mg/m³","17/06/2022","20","0.45","1"
"Potenza_Viale_Firenze","CO","mg/m³","17/06/2022","21","0.50","1"
"Potenza_Viale_Firenze","CO","mg/m³","17/06/2022","22","0.47","1"
"Potenza_Viale_Firenze","CO","mg/m³","17/06/2022","23","0.39","1"
"Potenza_Viale_Firenze","CO","mg/m³","17/06/2022","24","0.33","1"
"Potenza_Viale_Firenze","CO","mg/m³","18/06/2022","01","0.23","1"
"Potenza_Viale_Firenze","CO","mg/m³","18/06/2022","02","0.23","1"
"Potenza_Viale_Firenze","CO","mg/m³","18/06/2022","03","0.20","1"
"Potenza_Viale_Firenze","CO","mg/m³","18/06/2022","04","0.19","1"
"Potenza_Viale_Firenze","CO","mg/m³","18/06/2022","05","0.24","1"
"Potenza_Viale_Firenze","CO","mg/m³","18/06/2022","06","0.25","1"
"Potenza_Viale_Firenze","CO","mg/m³","18/06/2022","07","0.25","1"
"Potenza_Viale_Firenze","CO","mg/m³","18/06/2022","08","0.23","1"
"Potenza_Viale_Firenze","CO","mg/m³","18/06/2022","09","0.27","1"
"Potenza_Viale_Firenze","CO","mg/m³","18/06/2022","10","0.29","1"
"Potenza_Viale_Firenze","CO","mg/m³","18/06/2022","11","0.31","-1"
"Potenza_Viale_Firenze","CO","mg/m³","18/06/2022","12","0.30","1"
"Potenza_Viale_Firenze","CO","mg/m³","18/06/2022","13","0.29","1"
"Potenza_Viale_Firenze","CO","mg/m³","18/06/2022","14","0.24","1"
"Potenza_Viale_Firenze","CO","mg/m³","18/06/2022","15","0.21","1"
"Potenza_Viale_Firenze","CO","mg/m³","18/06/2022","16","0.25","1"
"Potenza_Viale_Firenze","CO","mg/m³","18/06/2022","17","0.27","1"
"Potenza_Viale_Firenze","CO","mg/m³","18/06/2022","18","0.31","1"
"Potenza_Viale_Firenze","CO","mg/m³","18/06/2022","19","0.29","1"
"Potenza_Viale_Firenze","CO","mg/m³","18/06/2022","20","0.42","1"
"Potenza_Viale_Firenze","CO","mg/m³","18/06/2022","21","0.29","1"
"Potenza_Viale_Firenze","CO","mg/m³","18/06/2022","22","0.26","1"
"Potenza_Viale_Firenze","CO","mg/m³","18/06/2022","23","0.30","1"
"Potenza_Viale_Firenze","CO","mg/m³","18/06/2022","24","0.30","1"
"Potenza_Viale_Firenze","CO","mg/m³","19/06/2022","01","0.32","1"
"Potenza_Viale_Firenze","CO","mg/m³","19/06/2022","02","0.23","1"
"Potenza_Viale_Firenze","CO","mg/m³","19/06/2022","03","0.23","1"
"Potenza_Viale_Firenze","CO","mg/m³","19/06/2022","04","0.20","1"
"Potenza_Viale_Firenze","CO","mg/m³","19/06/2022","05","0.23","1"
"Potenza_Viale_Firenze","CO","mg/m³","19/06/2022","06","0.21","1"
"Potenza_Viale_Firenze","CO","mg/m³","19/06/2022","07","0.21","1"
"Potenza_Viale_Firenze","CO","mg/m³","19/06/2022","08","0.26","1"
"Potenza_Viale_Firenze","CO","mg/m³","19/06/2022","09","0.23","1"
"Potenza_Viale_Firenze","CO","mg/m³","19/06/2022","10","0.23","-1"
"Potenza_Viale_Firenze","CO","mg/m³","19/06/2022","11","0.25","1"
"Potenza_Viale_Firenze","CO","mg/m³","19/06/2022","12","0.27","1"
"Potenza_Viale_Firenze","CO","mg/m³","19/06/2022","13","0.28","1"
"Potenza_Viale_Firenze","CO","mg/m³","19/06/2022","14","0.25","1"
"Potenza_Viale_Firenze","CO","mg/m³","19/06/2022","15","0.20","1"
"Potenza_Viale_Firenze","CO","mg/m³","19/06/2022","16","0.22","1"
"Potenza_Viale_Firenze","CO","mg/m³","19/06/2022","17","0.23","1"
"Potenza_Viale_Firenze","CO","mg/m³","19/06/2022","18","0.23","1"
"Potenza_Viale_Firenze","CO","mg/m³","19/06/2022","19","0.23","1"
"Potenza_Viale_Firenze","CO","mg/m³","19/06/2022","20","0.29","1"
"Potenza_Viale_Firenze","CO","mg/m³","19/06/2022","21","0.34","1"
"Potenza_Viale_Firenze","CO","mg/m³","19/06/2022","22","0.34","1"
"Potenza_Viale_Firenze","CO","mg/m³","19/06/2022","23","0.35","1"
"Potenza_Viale_Firenze","CO","mg/m³","19/06/2022","24","0.37","1"
"Potenza_Viale_Firenze","CO","mg/m³","20/06/2022","01","0.30","1"
"Potenza_Viale_Firenze","CO","mg/m³","20/06/2022","02","0.24","1"
"Potenza_Viale_Firenze","CO","mg/m³","20/06/2022","03","0.23","1"
"Potenza_Viale_Firenze","CO","mg/m³","20/06/2022","04","0.21","1"
"Potenza_Viale_Firenze","CO","mg/m³","20/06/2022","05","0.24","1"
"Potenza_Viale_Firenze","CO","mg/m³","20/06/2022","06","0.40","1"
"Potenza_Viale_Firenze","CO","mg/m³","20/06/2022","07","0.30","1"
"Potenza_Viale_Firenze","CO","mg/m³","20/06/2022","08","0.31","1"
"Potenza_Viale_Firenze","CO","mg/m³","20/06/2022","09","0.32","-1"
"Potenza_Viale_Firenze","CO","mg/m³","20/06/2022","10","0.33","1"
"Potenza_Viale_Firenze","CO","mg/m³","20/06/2022","11","0.30","1"
"Potenza_Viale_Firenze","CO","mg/m³","20/06/2022","12","0.29","1"
"Potenza_Viale_Firenze","CO","mg/m³","20/06/2022","13","0.28","1"
"Potenza_Viale_Firenze","CO","mg/m³","20/06/2022","14","0.25","1"
"Potenza_Viale_Firenze","CO","mg/m³","20/06/2022","15","0.24","1"
"Potenza_Viale_Firenze","CO","mg/m³","20/06/2022","16","0.24","1"
"Potenza_Viale_Firenze","CO","mg/m³","20/06/2022","17","0.28","1"
"Potenza_Viale_Firenze","CO","mg/m³","20/06/2022","18","0.35","1"
"Potenza_Viale_Firenze","CO","mg/m³","20/06/2022","19","0.37","1"
"Potenza_Viale_Firenze","CO","mg/m³","20/06/2022","20","0.33","1"
"Potenza_Viale_Firenze","CO","mg/m³","20/06/2022","21","0.33","1"
"Potenza_Viale_Firenze","CO","mg/m³","20/06/2022","22","0.25","1"
"Potenza_Viale_Firenze","CO","mg/m³","20/06/2022","23","0.26","1"
"Potenza_Viale_Firenze","CO","mg/m³","20/06/2022","24","0.25","1"
"Potenza_Viale_Firenze","CO","mg/m³","21/06/2022","01","0.23","1"
"Potenza_Viale_Firenze","CO","mg/m³","21/06/2022","02","0.20","1"
"Potenza_Viale_Firenze","CO","mg/m³","21/06/2022","03","0.19","1"
"Potenza_Viale_Firenze","CO","mg/m³","21/06/2022","04","0.20","1"
"Potenza_Viale_Firenze","CO","mg/m³","21/06/2022","05","0.26","1"
"Potenza_Viale_Firenze","CO","mg/m³","21/06/2022","06","0.33","1"
"Potenza_Viale_Firenze","CO","mg/m³","21/06/2022","07","0.42","1"
"Potenza_Viale_Firenze","CO","mg/m³","21/06/2022","08","0.35","-1"
"Potenza_Viale_Firenze","CO","mg/m³","21/06/2022","09","0.40","1"
"Potenza_Viale_Firenze","CO","mg/m³","21/06/2022","10","0.42","1"
"Potenza_Viale_Firenze","CO","mg/m³","21/06/2022","11","0.40","1"
"Potenza_Viale_Firenze","CO","mg/m³","21/06/2022","12","0.37","1"
"Potenza_Viale_Firenze","CO","mg/m³","21/06/2022","13","0.36","1"
"Potenza_Viale_Firenze","CO","mg/m³","21/06/2022","14","0.31","1"
"Potenza_Viale_Firenze","CO","mg/m³","21/06/2022","15","0.28","1"
"Potenza_Viale_Firenze","CO","mg/m³","21/06/2022","16","0.30","1"
"Potenza_Viale_Firenze","CO","mg/m³","21/06/2022","17","0.36","1"
"Potenza_Viale_Firenze","CO","mg/m³","21/06/2022","18","0.40","1"
"Potenza_Viale_Firenze","CO","mg/m³","21/06/2022","19","0.41","1"
"Potenza_Viale_Firenze","CO","mg/m³","21/06/2022","20","0.39","1"
"Potenza_Viale_Firenze","CO","mg/m³","21/06/2022","21","0.37","1"
"Potenza_Viale_Firenze","CO","mg/m³","21/06/2022","22","0.32","1"
"Potenza_Viale_Firenze","CO","mg/m³","21/06/2022","23","0.25","1"
"Potenza_Viale_Firenze","CO","mg/m³","21/06/2022","24","0.24","1"
"Potenza_Viale_Firenze","CO","mg/m³","22/06/2022","01","0.22","1"
"Potenza_Viale_Firenze","CO","mg/m³","22/06/2022","02","0.18","1"
"Potenza_Viale_Firenze","CO","mg/m³","22/06/2022","03","0.18","1"
"Potenza_Viale_Firenze","CO","mg/m³","22/06/2022","04","0.18","1"
"Potenza_Viale_Firenze","CO","mg/m³","22/06/2022","05","0.22","1"
"Potenza_Viale_Firenze","CO","mg/m³","22/06/2022","06","0.34","1"
"Potenza_Viale_Firenze","CO","mg/m³","22/06/2022","07","0.51","-1"
"Potenza_Viale_Firenze","CO","mg/m³","22/06/2022","08","0.42","1"
"Potenza_Viale_Firenze","CO","mg/m³","22/06/2022","09","0.42","1"
"Potenza_Viale_Firenze","CO","mg/m³","22/06/2022","10","0.38","1"
"Potenza_Viale_Firenze","CO","mg/m³","22/06/2022","11","0.36","1"
"Potenza_Viale_Firenze","CO","mg/m³","22/06/2022","12","0.35","1"
"Potenza_Viale_Firenze","CO","mg/m³","22/06/2022","13","0.34","1"
"Potenza_Viale_Firenze","CO","mg/m³","22/06/2022","14","0.30","1"
"Potenza_Viale_Firenze","CO","mg/m³","22/06/2022","15","0.32","1"
"Potenza_Viale_Firenze","CO","mg/m³","22/06/2022","16","0.33","1"
"Potenza_Viale_Firenze","CO","mg/m³","22/06/2022","17","0.33","1"
"Potenza_Viale_Firenze","CO","mg/m³","22/06/2022","18","0.33","1"
"Potenza_Viale_Firenze","CO","mg/m³","22/06/2022","19","0.36","1"
"Potenza_Viale_Firenze","CO","mg/m³","22/06/2022","20","0.32","1"
"Potenza_Viale_Firenze","CO","mg/m³","22/06/2022","21","0.37","1"
"Potenza_Viale_Firenze","CO","mg/m³","22/06/2022","22","0.28","1"
"Potenza_Viale_Firenze","CO","mg/m³","22/06/2022","23","0.38","1"
"Potenza_Viale_Firenze","CO","mg/m³","22/06/2022","24","0.30","1"
"Potenza_Viale_Firenze","CO","mg/m³","23/06/2022","01","0.23","1"
"Potenza_Viale_Firenze","CO","mg/m³","23/06/2022","02","0.20","1"
"Potenza_Viale_Firenze","CO","mg/m³","23/06/2022","03","0.21","1"
"Potenza_Viale_Firenze","CO","mg/m³","23/06/2022","04","0.19","1"
"Potenza_Viale_Firenze","CO","mg/m³","23/06/2022","05","0.24","1"
"Potenza_Viale_Firenze","CO","mg/m³","23/06/2022","06","0.34","-1"
"Potenza_Viale_Firenze","CO","mg/m³","23/06/2022","07","0.49","1"
"Potenza_Viale_Firenze","CO","mg/m³","23/06/2022","08","0.44","1"
"Potenza_Viale_Firenze","CO","mg/m³","23/06/2022","09","0.42","1"
"Potenza_Viale_Firenze","CO","mg/m³","23/06/2022","10","0.40","1"
"Potenza_Viale_Firenze","CO","mg/m³","23/06/2022","11","0.35","1"
"Potenza_Viale_Firenze","CO","mg/m³","23/06/2022","12","0.31","1"
"Potenza_Viale_Firenze","CO","mg/m³","23/06/2022","13","0.32","1"
"Potenza_Viale_Firenze","CO","mg/m³","23/06/2022","14","0.31","1"
"Potenza_Viale_Firenze","CO","mg/m³","23/06/2022","15","0.29","1"
"Potenza_Viale_Firenze","CO","mg/m³","23/06/2022","16","0.31","1"
"Potenza_Viale_Firenze","CO","mg/m³","23/06/2022","17","0.33","1"
"Potenza_Viale_Firenze","CO","mg/m³","23/06/2022","18","0.35","1"
"Potenza_Viale_Firenze","CO","mg/m³","23/06/2022","19","0.31","1"
"Potenza_Viale_Firenze","CO","mg/m³","23/06/2022","20","0.32","1"
"Potenza_Viale_Firenze","CO","mg/m³","23/06/2022","21","0.45","1"
"Potenza_Viale_Firenze","CO","mg/m³","23/06/2022","22","0.42","1"
"Potenza_Viale_Firenze","CO","mg/m³","23/06/2022","23","0.38","1"
"Potenza_Viale_Firenze","CO","mg/m³","23/06/2022","24","0.33","1"
"Potenza_Viale_Firenze","CO","mg/m³","24/06/2022","01","0.25","1"
"Potenza_Viale_Firenze","CO","mg/m³","24/06/2022","02","0.23","1"
"Potenza_Viale_Firenze","CO","mg/m³","24/06/2022","03","0.21","1"
"Potenza_Viale_Firenze","CO","mg/m³","24/06/2022","04","0.19","1"
"Potenza_Viale_Firenze","CO","mg/m³","24/06/2022","05","0.28","-1"
"Potenza_Viale_Firenze","CO","mg/m³","24/06/2022","06","0.40","1"
"Potenza_Viale_Firenze","CO","mg/m³","24/06/2022","07","0.36","1"
"Potenza_Viale_Firenze","CO","mg/m³","24/06/2022","08","0.34","1"
"Potenza_Viale_Firenze","CO","mg/m³","24/06/2022","09","0.34","1"
"Potenza_Viale_Firenze","CO","mg/m³","24/06/2022","10","0.31","1"
"Potenza_Viale_Firenze","CO","mg/m³","24/06/2022","11","0.29","1"
"Potenza_Viale_Firenze","CO","mg/m³","24/06/2022","12","0.27","1"
"Potenza_Viale_Firenze","CO","mg/m³","24/06/2022","13","0.27","1"
"Potenza_Viale_Firenze","CO","mg/m³","24/06/2022","14","0.25","1"
"Potenza_Viale_Firenze","CO","mg/m³","24/06/2022","15","0.26","1"
"Potenza_Viale_Firenze","CO","mg/m³","24/06/2022","16","0.28","1"
"Potenza_Viale_Firenze","CO","mg/m³","24/06/2022","17","0.31","1"
"Potenza_Viale_Firenze","CO","mg/m³","24/06/2022","18","0.33","1"
"Potenza_Viale_Firenze","CO","mg/m³","24/06/2022","19","0.34","1"
"Potenza_Viale_Firenze","CO","mg/m³","24/06/2022","20","0.43","1"
"Potenza_Viale_Firenze","CO","mg/m³","24/06/2022","21","0.39","1"
"Potenza_Viale_Firenze","CO","mg/m³","24/06/2022","22","0.28","1"
"Potenza_Viale_Firenze","CO","mg/m³","24/06/2022","23","0.23","1"
"Potenza_Viale_Firenze","CO","mg/m³","24/06/2022","24","0.29","1"
"Potenza_Viale_Firenze","CO","mg/m³","25/06/2022","01","0.22","1"
"Potenza_Viale_Firenze","CO","mg/m³","25/06/2022","02","0.19","1"
"Potenza_Viale_Firenze","CO","mg/m³","25/06/2022","03","0.17","1"
"Potenza_Viale_Firenze","CO","mg/m³","25/06/2022","04","0.17","-1"
"Potenza_Viale_Firenze","CO","mg/m³","25/06/2022","05","0.21","1"
"Potenza_Viale_Firenze","CO","mg/m³","25/06/2022","06","0.30","1"
"Potenza_Viale_Firenze","CO","mg/m³","25/06/2022","07","0.31","1"
"Potenza_Viale_Firenze","CO","mg/m³","25/06/2022","08","0.28","1"
"Potenza_Viale_Firenze","CO","mg/m³","25/06/2022","09","0.29","1"
"Potenza_Viale_Firenze","CO","mg/m³","25/06/2022","10","0.29","1"
"Potenza_Viale_Firenze","CO","mg/m³","25/06/2022","11","0.29","1"
"Potenza_Viale_Firenze","CO","mg/m³","25/06/2022","12","0.29","1"
"Potenza_Viale_Firenze","CO","mg/m³","25/06/2022","13","0.28","1"
"Potenza_Viale_Firenze","CO","mg/m³","25/06/2022","14","0.23","1"
"Potenza_Viale_Firenze","CO","mg/m³","25/06/2022","15","0.21","1"
"Potenza_Viale_Firenze","CO","mg/m³","25/06/2022","16","0.22","1"
"Potenza_Viale_Firenze","CO","mg/m³","25/06/2022","17","0.23","1"
"Potenza_Viale_Firenze","CO","mg/m³","25/06/2022","18","0.24","1"
"Potenza_Viale_Firenze","CO","mg/m³","25/06/2022","19","0.27","1"
"Potenza_Viale_Firenze","CO","mg/m³","25/06/2022","20","0.38","1"
"Potenza_Viale_Firenze","CO","mg/m³","25/06/2022","21","0.55","1"
"Potenza_Viale_Firenze","CO","mg/m³","25/06/2022","22","0.39","1"
"Potenza_Viale_Firenze","CO","mg/m³","25/06/2022","23","0.41","1"
"Potenza_Viale_Firenze","CO","mg/m³","25/06/2022","24","0.46","1"
"Potenza_Viale_Firenze","CO","mg/m³","26/06/2022","01","0.42","1"
"Potenza_Viale_Firenze","CO","mg/m³","26/06/2022","02","0.29","1"
"Potenza_Viale_Firenze","CO","mg/m³","26/06/2022","03","0.22","-1"
"Potenza_Viale_Firenze","CO","mg/m³","26/06/2022","04","0.21","1"
"Potenza_Viale_Firenze","CO","mg/m³","26/06/2022","05","0.21","1"
"Potenza_Viale_Firenze","CO","mg/m³","26/06/2022","06","0.22","1"
"Potenza_Viale_Firenze","CO","mg/m³","26/06/2022","07","0.22","1"
"Potenza_Viale_Firenze","CO","mg/m³","26/06/2022","08","0.20","1"
"Potenza_Viale_Firenze","CO","mg/m³","26/06/2022","09","0.22","1"
"Potenza_Viale_Firenze","CO","mg/m³","26/06/2022","10","0.26","1"
"Potenza_Viale_Firenze","CO","mg/m³","26/06/2022","11","0.27","1"
"Potenza_Viale_Firenze","CO","mg/m³","26/06/2022","12","0.29","1"
"Potenza_Viale_Firenze","CO","mg/m³","26/06/2022","13","0.28","1"
"Potenza_Viale_Firenze","CO","mg/m³","26/06/2022","14","0.24","1"
"Potenza_Viale_Firenze","CO","mg/m³","26/06/2022","15","0.23","1"
"Potenza_Viale_Firenze","CO","mg/m³","26/06/2022","16","0.22","1"
"Potenza_Viale_Firenze","CO","mg/m³","26/06/2022","17","0.23","1"
"Potenza_Viale_Firenze","CO","mg/m³","26/06/2022","18","0.30","1"
"Potenza_Viale_Firenze","CO","mg/m³","26/06/2022","19","0.34","1"
"Potenza_Viale_Firenze","CO","mg/m³","26/06/2022","20","0.35","1"
"Potenza_Viale_Firenze","CO","mg/m³","26/06/2022","21","0.40","1"
"Potenza_Viale_Firenze","CO","mg/m³","26/06/2022","22","0.40","1"
"Potenza_Viale_Firenze","CO","mg/m³","26/06/2022","23","0.41","1"
"Potenza_Viale_Firenze","CO","mg/m³","26/06/2022","24","0.49","1"
"Potenza_Viale_Firenze","CO","mg/m³","27/06/2022","01","0.62","1"
"Potenza_Viale_Firenze","CO","mg/m³","27/06/2022","02","0.51","-1"
"Potenza_Viale_Firenze","CO","mg/m³","27/06/2022","03","0.41","1"
"Potenza_Viale_Firenze","CO","mg/m³","27/06/2022","04","0.28","1"
"Potenza_Viale_Firenze","CO","mg/m³","27/06/2022","05","0.29","1"
"Potenza_Viale_Firenze","CO","mg/m³","27/06/2022","06","0.45","1"
"Potenza_Viale_Firenze","CO","mg/m³","27/06/2022","07","0.53","1"
"Potenza_Viale_Firenze","CO","mg/m³","27/06/2022","08","0.53","1"
"Potenza_Viale_Firenze","CO","mg/m³","27/06/2022","09","0.49","1"
"Potenza_Viale_Firenze","CO","mg/m³","27/06/2022","10","0.44","1"
"Potenza_Viale_Firenze","CO","mg/m³","27/06/2022","11","0.37","1"
"Potenza_Viale_Firenze","CO","mg/m³","27/06/2022","12","0.33","1"
"Potenza_Viale_Firenze","CO","mg/m³","27/06/2022","13","0.32","1"
"Potenza_Viale_Firenze","CO","mg/m³","27/06/2022","14","0.30","1"
"Potenza_Viale_Firenze","CO","mg/m³","27/06/2022","15","0.33","1"
"Potenza_Viale_Firenze","CO","mg/m³","27/06/2022","16","0.39","1"
"Potenza_Viale_Firenze","CO","mg/m³","27/06/2022","17","0.40","1"
"Potenza_Viale_Firenze","CO","mg/m³","27/06/2022","18","0.38","1"
"Potenza_Viale_Firenze","CO","mg/m³","27/06/2022","19","0.36","1"
"Potenza_Viale_Firenze","CO","mg/m³","27/06/2022","20","0.60","1"
"Potenza_Viale_Firenze","CO","mg/m³","27/06/2022","21","0.57","1"
"Potenza_Viale_Firenze","CO","mg/m³","27/06/2022","22","0.48","1"
"Potenza_Viale_Firenze","CO","mg/m³","27/06/2022","23","0.45","1"
"Potenza_Viale_Firenze","CO","mg/m³","27/06/2022","24","0.38","1"
"Potenza_Viale_Firenze","CO","mg/m³","28/06/2022","01","0.29","-1"
"Potenza_Viale_Firenze","CO","mg/m³","28/06/2022","02","0.25","1"
"Potenza_Viale_Firenze","CO","mg/m³","28/06/2022","03","0.23","1"
"Potenza_Viale_Firenze","CO","mg/m³","28/06/2022","04","0.24","1"
"Potenza_Viale_Firenze","CO","mg/m³","28/06/2022","05","0.30","1"
"Potenza_Viale_Firenze","CO","mg/m³","28/06/2022","06","0.46","1"
"Potenza_Viale_Firenze","CO","mg/m³","28/06/2022","07","0.59","1"
"Potenza_Viale_Firenze","CO","mg/m³","28/06/2022","08","0.47","1"
"Potenza_Viale_Firenze","CO","mg/m³","28/06/2022","09","0.48","1"
"Potenza_Viale_Firenze","CO","mg/m³","28/06/2022","10","0.46","1"
"Potenza_Viale_Firenze","CO","mg/m³","28/06/2022","11","0.40","1"
"Potenza_Viale_Firenze","CO","mg/m³","28/06/2022","12","0.35","1"
"Potenza_Viale_Firenze","CO","mg/m³","28/06/2022","13","0.35","1"
"Potenza_Viale_Firenze","CO","mg/m³","28/06/2022","14","0.33","1"
"Potenza_Viale_Firenze","CO","mg/m³","28/06/2022","15","0.31","1"
"Potenza_Viale_Firenze","CO","mg/m³","28/06/2022","16","0.31","1"
"Potenza_Viale_Firenze","CO","mg/m³","28/06/2022","17","0.33","1"
"Potenza_Viale_Firenze","CO","mg/m³","28/06/2022","18","0.38","1"
"Potenza_Viale_Firenze","CO","mg/m³","28/06/2022","19","0.41","1"
"Potenza_Viale_Firenze","CO","mg/m³","28/06/2022","20","0.46","1"
"Potenza_Viale_Firenze","CO","mg/m³","28/06/2022","21","0.50","1"
"Potenza_Viale_Firenze","CO","mg/m³","28/06/2022","22","0.52","1"
"Potenza_Viale_Firenze","CO","mg/m³","28/06/2022","23","0.46","1"
"Potenza_Viale_Firenze","CO","mg/m³","28/06/2022","24","0.40","-1"
"Potenza_Viale_Firenze","CO","mg/m³","29/06/2022","01","0.36","1"
"Potenza_Viale_Firenze","CO","mg/m³","29/06/2022","02","0.28","1"
"Potenza_Viale_Firenze","CO","mg/m³","29/06/2022","03","0.26","1"
"Potenza_Viale_Firenze","CO","mg/m³","29/06/2022","04","0.25","1"
"Potenza_Viale_Firenze","CO","mg/m³","29/06/2022","05","0.32","1"
"Potenza_Viale_Firenze","CO","mg/m³","29/06/2022","06","0.49","1"
"Potenza_Viale_Firenze","CO","mg/m³","29/06/2022","07","0.76","1"
"Potenza_Viale_Firenze","CO","mg/m³","29/06/2022","08","0.57","1"
"Potenza_Viale_Firenze","CO","mg/m³","29/06/2022","09","0.47","1"
"Potenza_Viale_Firenze","CO","mg/m³","29/06/2022","10","0.41","1"
"Potenza_Viale_Firenze","CO","mg/m³","29/06/2022","11","0.40","1"
"Potenza_Viale_Firenze","CO","mg/m³","29/06/2022","12","0.38","1"
"Potenza_Viale_Firenze","CO","mg/m³","29/06/2022","13","0.35","1"
"Potenza_Viale_Firenze","CO","mg/m³","29/06/2022","14","0.32","1"
"Potenza_Viale_Firenze","CO","mg/m³","29/06/2022","15","0.30","1"
"Potenza_Viale_Firenze","CO","mg/m³","29/06/2022","16","0.32","1"
"Potenza_Viale_Firenze","CO","mg/m³","29/06/2022","17","0.31","1"
"Potenza_Viale_Firenze","CO","mg/m³","29/06/2022","18","0.29","1"
"Potenza_Viale_Firenze","CO","mg/m³","29/06/2022","19","0.33","1"
"Potenza_Viale_Firenze","CO","mg/m³","29/06/2022","20","0.32","1"
"Potenza_Viale_Firenze","CO","mg/m³","29/06/2022","21","0.33","1"
"Potenza_Viale_Firenze","CO","mg/m³","29/06/2022","22","0.34","1"
"Potenza_Viale_Firenze","CO","mg/m³","29/06/2022","23","0.37","-1"
"Potenza_Viale_Firenze","CO","mg/m³","29/06/2022","24","0.28","1"
"Potenza_Viale_Firenze","CO","mg/m³","30/06/2022","01","0.30","1"
"Potenza_Viale_Firenze","CO","mg/m³","30/06/2022","02","0.23","1"
"Potenza_Viale_Firenze","CO","mg/m³","30/06/2022","03","0.21","1"
"Potenza_Viale_Firenze","CO","mg/m³","30/06/2022","04","0.22","1"
"Potenza_Viale_Firenze","CO","mg/m³","30/06/2022","05","0.26","1"
"Potenza_Viale_Firenze","CO","mg/m³","30/06/2022","06","0.30","1"
"Potenza_Viale_Firenze","CO","mg/m³","30/06/2022","07","0.31","1"
"Potenza_Viale_Firenze","CO","mg/m³","30/06/2022","08","0.38","1"
"Potenza_Viale_Firenze","CO","mg/m³","30/06/2022","09","0.67","1"
"Potenza_Viale_Firenze","CO","mg/m³","30/06/2022","10","0.43","1"
"Potenza_Viale_Firenze","CO","mg/m³","30/06/2022","11","0.31","1"
"Potenza_Viale_Firenze","CO","mg/m³","30/06/2022","12","0.26","1"
"Potenza_Viale_Firenze","CO","mg/m³","30/06/2022","13","0.28","1"
"Potenza_Viale_Firenze","CO","mg/m³","30/06/2022","14","0.18","1"
"Potenza_Viale_Firenze","CO","mg/m³","30/06/2022","15","0.17","1"
"Potenza_Viale_Firenze","CO","mg/m³","30/06/2022","16","0.22","1"
"Potenza_Viale_Firenze","CO","mg/m³","30/06/2022","17","0.23","1"
"Potenza_Viale_Firenze","CO","mg/m³","30/06/2022","18","0.20","1"
"Potenza_Viale_Firenze","CO","mg/m³","30/06/2022","19","0.36","1"
"Potenza_Viale_Firenze","CO","mg/m³","30/06/2022","20","0.28","1"
"Potenza_Viale_Firenze","CO","mg/m³","30/06/2022","21","0.26","1"
"Potenza_Viale_Firenze","CO","mg/m³","30/06/2022","22","0.24","-1"
"Potenza_Viale_Firenze","CO","mg/m³","30/06/2022","23","0.31","1"
"Potenza_Viale_Firenze","CO","mg/m³","30/06/2022","24","0.23","1"
"Potenza_Viale_Firenze","CO","mg/m³","01/07/2022","01","0.17","1"
"Potenza_Viale_Firenze","CO","mg/m³","01/07/2022","02","0.18","1"
"Potenza_Viale_Firenze","CO","mg/m³","01/07/2022","03","0.18","1"
"Potenza_Viale_Firenze","CO","mg/m³","01/07/2022","04","0.17","1"
"Potenza_Viale_Firenze","CO","mg/m³","01/07/2022","05","0.20","1"
"Potenza_Viale_Firenze","CO","mg/m³","01/07/2022","06","0.28","1"
"Potenza_Viale_Firenze","CO","mg/m³","01/07/2022","07","0.23","1"
"Potenza_Viale_Firenze","CO","mg/m³","01/07/2022","08","0.26","1"
"Potenza_Viale_Firenze","CO","mg/m³","01/07/2022","09","0.34","1"
"Potenza_Viale_Firenze","CO","mg/m³","01/07/2022","10","0.33","1"
"Potenza_Viale_Firenze","CO","mg/m³","01/07/2022","11","0.30","1"
"Potenza_Viale_Firenze","CO","mg/m³","01/07/2022","12","0.33","1"
"Potenza_Viale_Firenze","CO","mg/m³","01/07/2022","13","0.27","1"
"Potenza_Viale_Firenze","CO","mg/m³","01/07/2022","14","0.19","1"
"Potenza_Viale_Firenze","CO","mg/m³","01/07/2022","15","0.21","1"
"Potenza_Viale_Firenze","CO","mg/m³","01/07/2022","16","0.23","1"
"Potenza_Viale_Firenze","CO","mg/m³","01/07/2022","17","0.23","1"
"Potenza_Viale_Firenze","CO","mg/m³","01/07/2022","18","0.27","1"
"Potenza_Viale_Firenze","CO","mg/m³","01/07/2022","19","0.36","1"
"Potenza_Viale_Firenze","CO","mg/m³","01/07/2022","20","0.40","1"
"Potenza_Viale_Firenze","CO","mg/m³","01/07/2022","21","0.32","-1"
"Potenza_Viale_Firenze","CO","mg/m³","01/07/2022","22","0.25","1"
"Potenza_Viale_Firenze","CO","mg/m³","01/07/2022","23","0.25","1"
"Potenza_Viale_Firenze","CO","mg/m³","01/07/2022","24","0.30","1"
"Potenza_Viale_Firenze","CO","mg/m³","02/07/2022","01","0.23","1"
"Potenza_Viale_Firenze","CO","mg/m³","02/07/2022","02","0.17","1"
"Potenza_Viale_Firenze","CO","mg/m³","02/07/2022","03","0.16","1"
"Potenza_Viale_Firenze","CO","mg/m³","02/07/2022","04","0.13","1"
"Potenza_Viale_Firenze","CO","mg/m³","02/07/2022","05","0.14","1"
"Potenza_Viale_Firenze","CO","mg/m³","02/07/2022","06","0.21","1"
"Potenza_Viale_Firenze","CO","mg/m³","02/07/2022","07","0.29","1"
"Potenza_Viale_Firenze","CO","mg/m³","02/07/2022","08","0.25","1"
"Potenza_Viale_Firenze","CO","mg/m³","02/07/2022","09","0.23","1"
"Potenza_Viale_Firenze","CO","mg/m³","02/07/2022","10","0.22","1"
"Potenza_Viale_Firenze","CO","mg/m³","02/07/2022","11","0.28","1"
"Potenza_Viale_Firenze","CO","mg/m³","02/07/2022","12","0.24","1"
"Potenza_Viale_Firenze","CO","mg/m³","02/07/2022","13","0.21","1"
"Potenza_Viale_Firenze","CO","mg/m³","02/07/2022","14","0.17","1"
"Potenza_Viale_Firenze","CO","mg/m³","02/07/2022","15","0.15","1"
"Potenza_Viale_Firenze","CO","mg/m³","02/07/2022","16","0.18","1"
"Potenza_Viale_Firenze","CO","mg/m³","02/07/2022","17","0.26","1"
"Potenza_Viale_Firenze","CO","mg/m³","02/07/2022","18","0.29","1"
"Potenza_Viale_Firenze","CO","mg/m³","02/07/2022","19","0.27","1"
"Potenza_Viale_Firenze","CO","mg/m³","02/07/2022","20","0.32","-1"
"Potenza_Viale_Firenze","CO","mg/m³","02/07/2022","21","0.21","1"
"Potenza_Viale_Firenze","CO","mg/m³","02/07/2022","22","0.23","1"
"Potenza_Viale_Firenze","CO","mg/m³","02/07/2022","23","0.31","1"
"Potenza_Viale_Firenze","CO","mg/m³","02/07/2022","24","0.29","1"
"Potenza_Viale_Firenze","CO","mg/m³","03/07/2022","01","0.31","1"
"Potenza_Viale_Firenze","CO","mg/m³","03/07/2022","02","0.30","1"
"Potenza_Viale_Firenze","CO","mg/m³","03/07/2022","03","0.25","1"
"Potenza_Viale_Firenze","CO","mg/m³","03/07/2022","04","0.23","1"
"Potenza_Viale_Firenze","CO","mg/m³","03/07/2022","05","0.21","1"
"Potenza_Viale_Firenze","CO","mg/m³","03/07/2022","06","0.20","1"
"Potenza_Viale_Firenze","CO","mg/m³","03/07/2022","07","0.22","1"
"Potenza_Viale_Firenze","CO","mg/m³","03/07/2022","08","0.22","1"
"Potenza_Viale_Firenze","CO","mg/m³","03/07/2022","09","0.19","1"
"Potenza_Viale_Firenze","CO","mg/m³","03/07/2022","10","0.15","1"
"Potenza_Viale_Firenze","CO","mg/m³","03/07/2022","11","0.19","1"
"Potenza_Viale_Firenze","CO","mg/m³","03/07/2022","12","0.22","1"
"Potenza_Viale_Firenze","CO","mg/m³","03/07/2022","13","0.19","1"
"Potenza_Viale_Firenze","CO","mg/m³","03/07/2022","14","0.16","1"
"Potenza_Viale_Firenze","CO","mg/m³","03/07/2022","15","0.16","1"
"Potenza_Viale_Firenze","CO","mg/m³","03/07/2022","16","0.17","1"
"Potenza_Viale_Firenze","CO","mg/m³","03/07/2022","17","0.20","1"
"Potenza_Viale_Firenze","CO","mg/m³","03/07/2022","18","0.22","1"
"Potenza_Viale_Firenze","CO","mg/m³","03/07/2022","19","0.32","-1"
"Potenza_Viale_Firenze","CO","mg/m³","03/07/2022","20","0.38","1"
"Potenza_Viale_Firenze","CO","mg/m³","03/07/2022","21","0.47","1"
"Potenza_Viale_Firenze","CO","mg/m³","03/07/2022","22","0.41","1"
"Potenza_Viale_Firenze","CO","mg/m³","03/07/2022","23","0.32","1"
"Potenza_Viale_Firenze","CO","mg/m³","03/07/2022","24","0.26","1"
"Potenza_Viale_Firenze","CO","mg/m³","04/07/2022","01","0.23","1"
"Potenza_Viale_Firenze","CO","mg/m³","04/07/2022","02","0.19","1"
"Potenza_Viale_Firenze","CO","mg/m³","04/07/2022","03","0.18","1"
"Potenza_Viale_Firenze","CO","mg/m³","04/07/2022","04","0.16","1"
"Potenza_Viale_Firenze","CO","mg/m³","04/07/2022","05","0.21","1"
"Potenza_Viale_Firenze","CO","mg/m³","04/07/2022","06","0.36","1"
"Potenza_Viale_Firenze","CO","mg/m³","04/07/2022","07","0.40","1"
"Potenza_Viale_Firenze","CO","mg/m³","04/07/2022","08","0.30","1"
"Potenza_Viale_Firenze","CO","mg/m³","04/07/2022","09","0.25","1"
"Potenza_Viale_Firenze","CO","mg/m³","04/07/2022","10","0.20","1"
"Potenza_Viale_Firenze","CO","mg/m³","04/07/2022","11","0.19","1"
"Potenza_Viale_Firenze","CO","mg/m³","04/07/2022","12","0.21","1"
"Potenza_Viale_Firenze","CO","mg/m³","04/07/2022","13","0.23","1"
"Potenza_Viale_Firenze","CO","mg/m³","04/07/2022","14","0.19","1"
"Potenza_Viale_Firenze","CO","mg/m³","04/07/2022","15","0.21","1"
"Potenza_Viale_Firenze","CO","mg/m³","04/07/2022","16","0.21","1"
"Potenza_Viale_Firenze","CO","mg/m³","04/07/2022","17","0.28","1"
"Potenza_Viale_Firenze","CO","mg/m³","04/07/2022","18","0.36","-1"
"Potenza_Viale_Firenze","CO","mg/m³","04/07/2022","19","0.41","1"
"Potenza_Viale_Firenze","CO","mg/m³","04/07/2022","20","0.57","1"
"Potenza_Viale_Firenze","CO","mg/m³","04/07/2022","21","0.51","1"
"Potenza_Viale_Firenze","CO","mg/m³","04/07/2022","22","0.37","1"
"Potenza_Viale_Firenze","CO","mg/m³","04/07/2022","23","0.27","1"
"Potenza_Viale_Firenze","CO","mg/m³","04/07/2022","24","0.24","1"
"Potenza_Viale_Firenze","CO","mg/m³","05/07/2022","01","0.23","1"
"Potenza_Viale_Firenze","CO","mg/m³","05/07/2022","02","0.17","1"
"Potenza_Viale_Firenze","CO","mg/m³","05/07/2022","03","0.16","1"
"Potenza_Viale_Firenze","CO","mg/m³","05/07/2022","04","0.17","1"
"Potenza_Viale_Firenze","CO","mg/m³","05/07/2022","05","0.20","1"
"Potenza_Viale_Firenze","CO","mg/m³","05/07/2022","06","0.28","1"
"Potenza_Viale_Firenze","CO","mg/m³","05/07/2022","07","0.27","1"
"Potenza_Viale_Firenze","CO","mg/m³","05/07/2022","08","0.29","1"
"Potenza_Viale_Firenze","CO","mg/m³","05/07/2022","09","0.35","1"
"Potenza_Viale_Firenze","CO","mg/m³","05/07/2022","10","0.35","1"
"Potenza_Viale_Firenze","CO","mg/m³","05/07/2022","11","0.34","1"
"Potenza_Viale_Firenze","CO","mg/m³","05/07/2022","12","0.25","1"
"Potenza_Viale_Firenze","CO","mg/m³","05/07/2022","13","0.27","1"
"Potenza_Viale_Firenze","CO","mg/m³","05/07/2022","14","0.21","1"
"Potenza_Viale_Firenze","CO","mg/m³","05/07/2022","15","0.20","1"
"Potenza_Viale_Firenze","CO","mg/m³","05/07/2022","16","0.25","1"
"Potenza_Viale_Firenze","CO","mg/m³","05/07/2022","17","0.29","-1"
"Potenza_Viale_Firenze","CO","mg/m³","05/07/2022","18","0.29","1"
"Potenza_Viale_Firenze","CO","mg/m³","05/07/2022","19","0.30","1"
"Potenza_Viale_Firenze","CO","mg/m³","05/07/2022","20","0.29","1"
"Potenza_Viale_Firenze","CO","mg/m³","05/07/2022","21","0.27","1"
"Potenza_Viale_Firenze","CO","mg/m³","05/07/2022","22","0.21","1"
"Potenza_Viale_Firenze","CO","mg/m³","05/07/2022","23","0.22","1"
"Potenza_Viale_Firenze","CO","mg/m³","05/07/2022","24","0.21","1"
"Potenza_Viale_Firenze","CO","mg/m³","06/07/2022","01","0.17","1"
"Potenza_Viale_Firenze","CO","mg/m³","06/07/2022","02","0.19","1"
"Potenza_Viale_Firenze","CO","mg/m³","06/07/2022","03","0.15","1"
"Potenza_Viale_Firenze","CO","mg/m³","06/07/2022","04","0.14","1"
"Potenza_Viale_Firenze","CO","mg/m³","06/07/2022","05","0.18","1"
"Potenza_Viale_Firenze","CO","mg/m³","06/07/2022","06","0.23","1"
"Potenza_Viale_Firenze","CO","mg/m³","06/07/2022","07","0.18","1"
"Potenza_Viale_Firenze","CO","mg/m³","06/07/2022","08","0.23","1"
"Potenza_Viale_Firenze","CO","mg/m³","06/07/2022","09","0.28","1"
"Potenza_Viale_Firenze","CO","mg/m³","06/07/2022","10","0.25","1"
"Potenza_Viale_Firenze","CO","mg/m³","06/07/2022","11","0.28","1"
"Potenza_Viale_Firenze","CO","mg/m³","06/07/2022","12","0.25","1"
"Potenza_Viale_Firenze","CO","mg/m³","06/07/2022","13","0.21","1"
"Potenza_Viale_Firenze","CO","mg/m³","06/07/2022","14","0.21","1"
"Potenza_Viale_Firenze","CO","mg/m³","06/07/2022","15","0.20","1"
"Potenza_Viale_Firenze","CO","mg/m³","06/07/2022","16","0.26","-1"
"Potenza_Viale_Firenze","CO","mg/m³","06/07/2022","17","0.24","1"
"Potenza_Viale_Firenze","CO","mg/m³","06/07/2022","18","0.23","1"
"Potenza_Viale_Firenze","CO","mg/m³","06/07/2022","19","0.22","1"
"Potenza_Viale_Firenze","CO","mg/m³","06/07/2022","20","0.24","1"
"Potenza_Viale_Firenze","CO","mg/m³","06/07/2022","21","0.22","1"
"Potenza_Viale_Firenze","CO","mg/m³","06/07/2022","22","0.26","1"
"Potenza_Viale_Firenze","CO","mg/m³","06/07/2022","23","0.23","1"
"Potenza_Viale_Firenze","CO","mg/m³","06/07/2022","24","0.26","1"
"Potenza_Viale_Firenze","CO","mg/m³","07/07/2022","01","0.25","1"
"Potenza_Viale_Firenze","CO","mg/m³","07/07/2022","02","0.24","1"
"Potenza_Viale_Firenze","CO","mg/m³","07/07/2022","03","0.23","1"
"Potenza_Viale_Firenze","CO","mg/m³","07/07/2022","04","0.21","1"
"Potenza_Viale_Firenze","CO","mg/m³","07/07/2022","05","0.22","1"
"Potenza_Viale_Firenze","CO","mg/m³","07/07/2022","06","0.27","1"
"Potenza_Viale_Firenze","CO","mg/m³","07/07/2022","07","0.30","1"
"Potenza_Viale_Firenze","CO","mg/m³","07/07/2022","08","0.38","1"
"Potenza_Viale_Firenze","CO","mg/m³","07/07/2022","09","0.36","1"
"Potenza_Viale_Firenze","CO","mg/m³","07/07/2022","10","0.35","1"
"Potenza_Viale_Firenze","CO","mg/m³","07/07/2022","11","0.29","1"
"Potenza_Viale_Firenze","CO","mg/m³","07/07/2022","12","0.26","1"
"Potenza_Viale_Firenze","CO","mg/m³","07/07/2022","13","0.20","1"
"Potenza_Viale_Firenze","CO","mg/m³","07/07/2022","14","0.19","1"
"Potenza_Viale_Firenze","CO","mg/m³","07/07/2022","15","0.17","-1"
"Potenza_Viale_Firenze","CO","mg/m³","07/07/2022","16","0.17","1"
"Potenza_Viale_Firenze","CO","mg/m³","07/07/2022","17","0.18","1"
"Potenza_Viale_Firenze","CO","mg/m³","07/07/2022","18","0.23","1"
"Potenza_Viale_Firenze","CO","mg/m³","07/07/2022","19","0.29","1"
"Potenza_Viale_Firenze","CO","mg/m³","07/07/2022","20","0.32","1"
"Potenza_Viale_Firenze","CO","mg/m³","07/07/2022","21","0.27","1"
"Potenza_Viale_Firenze","CO","mg/m³","07/07/2022","22","0.24","1"
"Potenza_Viale_Firenze","CO","mg/m³","07/07/2022","23","0.22","1"
"Potenza_Viale_Firenze","CO","mg/m³","07/07/2022","24","0.22","1"
"Potenza_Viale_Firenze","CO","mg/m³","08/07/2022","01","0.23","1"
"Potenza_Viale_Firenze","CO","mg/m³","08/07/2022","02","0.20","1"
"Potenza_Viale_Firenze","CO","mg/m³","08/07/2022","03","0.18","1"
"Potenza_Viale_Firenze","CO","mg/m³","08/07/2022","04","0.16","1"
"Potenza_Viale_Firenze","CO","mg/m³","08/07/2022","05","0.15","1"
"Potenza_Viale_Firenze","CO","mg/m³","08/07/2022","06","0.17","1"
"Potenza_Viale_Firenze","CO","mg/m³","08/07/2022","07","0.16","1"
"Potenza_Viale_Firenze","CO","mg/m³","08/07/2022","08","0.20","1"
"Potenza_Viale_Firenze","CO","mg/m³","08/07/2022","09","0.23","1"
"Potenza_Viale_Firenze","CO","mg/m³","08/07/2022","10","0.23","1"
"Potenza_Viale_Firenze","CO","mg/m³","08/07/2022","11","0.20","1"
"Potenza_Viale_Firenze","CO","mg/m³","08/07/2022","12","0.22","1"
"Potenza_Viale_Firenze","CO","mg/m³","08/07/2022","13","0.23","1"
"Potenza_Viale_Firenze","CO","mg/m³","08/07/2022","14","0.19","-1"
"Potenza_Viale_Firenze","CO","mg/m³","08/07/2022","15","0.16","1"
"Potenza_Viale_Firenze","CO","mg/m³","08/07/2022","16","0.17","1"
"Potenza_Viale_Firenze","CO","mg/m³","08/07/2022","17","0.17","1"
"Potenza_Viale_Firenze","CO","mg/m³","08/07/2022","18","0.42","1"
"Potenza_Viale_Firenze","CO","mg/m³","08/07/2022","19","0.34","1"
"Potenza_Viale_Firenze","CO","mg/m³","08/07/2022","20","0.23","1"
"Potenza_Viale_Firenze","CO","mg/m³","08/07/2022","21","0.19","1"
"Potenza_Viale_Firenze","CO","mg/m³","08/07/2022","22","0.16","1"
"Potenza_Viale_Firenze","CO","mg/m³","08/07/2022","23","0.15","1"
"Potenza_Viale_Firenze","CO","mg/m³","08/07/2022","24","0.15","1"
"Potenza_Viale_Firenze","CO","mg/m³","09/07/2022","01","0.15","1"
"Potenza_Viale_Firenze","CO","mg/m³","09/07/2022","02","0.15","1"
"Potenza_Viale_Firenze","CO","mg/m³","09/07/2022","03","0.14","1"
"Potenza_Viale_Firenze","CO","mg/m³","09/07/2022","04","0.15","1"
"Potenza_Viale_Firenze","CO","mg/m³","09/07/2022","05","0.13","1"
"Potenza_Viale_Firenze","CO","mg/m³","09/07/2022","06","0.14","1"
"Potenza_Viale_Firenze","CO","mg/m³","09/07/2022","07","0.16","1"
"Potenza_Viale_Firenze","CO","mg/m³","09/07/2022","08","0.17","1"
"Potenza_Viale_Firenze","CO","mg/m³","09/07/2022","09","0.20","1"
"Potenza_Viale_Firenze","CO","mg/m³","09/07/2022","10","0.22","1"
"Potenza_Viale_Firenze","CO","mg/m³","09/07/2022","11","0.23","1"
"Potenza_Viale_Firenze","CO","mg/m³","09/07/2022","12","0.24","1"
"Potenza_Viale_Firenze","CO","mg/m³","09/07/2022","13","0.23","-1"
"Potenza_Viale_Firenze","CO","mg/m³","09/07/2022","14","0.18","1"
"Potenza_Viale_Firenze","CO","mg/m³","09/07/2022","15","0.15","1"
"Potenza_Viale_Firenze","CO","mg/m³","09/07/2022","16","0.16","1"
"Potenza_Viale_Firenze","CO","mg/m³","09/07/2022","17","0.19","1"
"Potenza_Viale_Firenze","CO","mg/m³","09/07/2022","18","0.23","1"
"Potenza_Viale_Firenze","CO","mg/m³","09/07/2022","19","0.27","1"
"Potenza_Viale_Firenze","CO","mg/m³","09/07/2022","20","0.30","1"
"Potenza_Viale_Firenze","CO","mg/m³","09/07/2022","21","0.30","1"
"Potenza_Viale_Firenze","CO","mg/m³","09/07/2022","22","0.25","1"
"Potenza_Viale_Firenze","CO","mg/m³","09/07/2022","23","0.22","1"
"Potenza_Viale_Firenze","CO","mg/m³","09/07/2022","24","0.20","1"
"Potenza_Viale_Firenze","CO","mg/m³","10/07/2022","01","0.19","1"
"Potenza_Viale_Firenze","CO","mg/m³","10/07/2022","02","0.16","1"
"Potenza_Viale_Firenze","CO","mg/m³","10/07/2022","03","0.16","1"
"Potenza_Viale_Firenze","CO","mg/m³","10/07/2022","04","0.14","1"
"Potenza_Viale_Firenze","CO","mg/m³","10/07/2022","05","0.13","1"
"Potenza_Viale_Firenze","CO","mg/m³","10/07/2022","06","0.16","1"
"Potenza_Viale_Firenze","CO","mg/m³","10/07/2022","07","0.16","1"
"Potenza_Viale_Firenze","CO","mg/m³","10/07/2022","08","0.15","1"
"Potenza_Viale_Firenze","CO","mg/m³","10/07/2022","09","0.15","1"
"Potenza_Viale_Firenze","CO","mg/m³","10/07/2022","10","0.18","1"
"Potenza_Viale_Firenze","CO","mg/m³","10/07/2022","11","0.20","1"
"Potenza_Viale_Firenze","CO","mg/m³","10/07/2022","12","0.23","-1"
"Potenza_Viale_Firenze","CO","mg/m³","10/07/2022","13","0.20","1"
"Potenza_Viale_Firenze","CO","mg/m³","10/07/2022","14","0.17","1"
"Potenza_Viale_Firenze","CO","mg/m³","10/07/2022","15","0.15","1"
"Potenza_Viale_Firenze","CO","mg/m³","10/07/2022","16","0.16","1"
"Potenza_Viale_Firenze","CO","mg/m³","10/07/2022","17","0.17","1"
"Potenza_Viale_Firenze","CO","mg/m³","10/07/2022","18","0.20","1"
"Potenza_Viale_Firenze","CO","mg/m³","10/07/2022","19","0.25","1"
"Potenza_Viale_Firenze","CO","mg/m³","10/07/2022","20","0.26","1"
"Potenza_Viale_Firenze","CO","mg/m³","10/07/2022","21","0.31","1"
"Potenza_Viale_Firenze","CO","mg/m³","10/07/2022","22","0.28","1"
"Potenza_Viale_Firenze","CO","mg/m³","10/07/2022","23","0.30","1"
"Potenza_Viale_Firenze","CO","mg/m³","10/07/2022","24","0.28","1"
"Potenza_Viale_Firenze","CO","mg/m³","11/07/2022","01","0.22","1"
"Potenza_Viale_Firenze","CO","mg/m³","11/07/2022","02","0.20","1"
"Potenza_Viale_Firenze","CO","mg/m³","11/07/2022","03","0.16","1"
"Potenza_Viale_Firenze","CO","mg/m³","11/07/2022","04","0.16","1"
"Potenza_Viale_Firenze","CO","mg/m³","11/07/2022","05","0.18","1"
"Potenza_Viale_Firenze","CO","mg/m³","11/07/2022","06","0.30","1"
"Potenza_Viale_Firenze","CO","mg/m³","11/07/2022","07","0.34","1"
"Potenza_Viale_Firenze","CO","mg/m³","11/07/2022","08","0.28","1"
"Potenza_Viale_Firenze","CO","mg/m³","11/07/2022","09","0.45","1"
"Potenza_Viale_Firenze","CO","mg/m³","11/07/2022","10","0.70","1"
"Potenza_Viale_Firenze","CO","mg/m³","11/07/2022","11","0.52","-1"
"Potenza_Viale_Firenze","CO","mg/m³","11/07/2022","12","0.35","1"
"Potenza_Viale_Firenze","CO","mg/m³","11/07/2022","13","0.29","1"
"Potenza_Viale_Firenze","CO","mg/m³","11/07/2022","14","0.24","1"
"Potenza_Viale_Firenze","CO","mg/m³","11/07/2022","15","0.23","1"
"Potenza_Viale_Firenze","CO","mg/m³","11/07/2022","16","0.26","1"
"Potenza_Viale_Firenze","CO","mg/m³","11/07/2022","17","0.28","1"
"Potenza_Viale_Firenze","CO","mg/m³","11/07/2022","18","0.36","1"
"Potenza_Viale_Firenze","CO","mg/m³","11/07/2022","19","0.40","1"
"Potenza_Viale_Firenze","CO","mg/m³","11/07/2022","20","0.42","1"
"Potenza_Viale_Firenze","CO","mg/m³","11/07/2022","21","0.33","1"
"Potenza_Viale_Firenze","CO","mg/m³","11/07/2022","22","0.33","1"
"Potenza_Viale_Firenze","CO","mg/m³","11/07/2022","23","0.31","1"
"Potenza_Viale_Firenze","CO","mg/m³","11/07/2022","24","0.27","1"
"Potenza_Viale_Firenze","CO","mg/m³","12/07/2022","01","0.26","1"
"Potenza_Viale_Firenze","CO","mg/m³","12/07/2022","02","0.23","1"
"Potenza_Viale_Firenze","CO","mg/m³","12/07/2022","03","0.21","1"
"Potenza_Viale_Firenze","CO","mg/m³","12/07/2022","04","0.18","1"
"Potenza_Viale_Firenze","CO","mg/m³","12/07/2022","05","0.19","1"
"Potenza_Viale_Firenze","CO","mg/m³","12/07/2022","06","0.24","1"
"Potenza_Viale_Firenze","CO","mg/m³","12/07/2022","07","0.35","1"
"Potenza_Viale_Firenze","CO","mg/m³","12/07/2022","08","0.42","1"
"Potenza_Viale_Firenze","CO","mg/m³","12/07/2022","09","0.39","1"
"Potenza_Viale_Firenze","CO","mg/m³","12/07/2022","10","0.29","-1"
"Potenza_Viale_Firenze","CO","mg/m³","12/07/2022","11","0.28","1"
"Potenza_Viale_Firenze","CO","mg/m³","12/07/2022","12","0.27","1"
"Potenza_Viale_Firenze","CO","mg/m³","12/07/2022","13","0.28","1"
"Potenza_Viale_Firenze","CO","mg/m³","12/07/2022","14","0.21","1"
"Potenza_Viale_Firenze","CO","mg/m³","12/07/2022","15","0.23","1"
"Potenza_Viale_Firenze","CO","mg/m³","12/07/2022","16","0.23","1"
"Potenza_Viale_Firenze","CO","mg/m³","12/07/2022","17","0.22","1"
"Potenza_Viale_Firenze","CO","mg/m³","12/07/2022","18","0.23","1"
"Potenza_Viale_Firenze","CO","mg/m³","12/07/2022","19","0.31","1"
"Potenza_Viale_Firenze","CO","mg/m³","12/07/2022","20","0.28","1"
"Potenza_Viale_Firenze","CO","mg/m³","12/07/2022","21","0.30","1"
"Potenza_Viale_Firenze","CO","mg/m³","12/07/2022","22","0.27","1"
"Potenza_Viale_Firenze","CO","mg/m³","12/07/2022","23","0.25","1"
"Potenza_Viale_Firenze","CO","mg/m³","12/07/2022","24","0.24","1"
"Potenza_Viale_Firenze","CO","mg/m³","13/07/2022","01","0.20","1"
"Potenza_Viale_Firenze","CO","mg/m³","13/07/2022","02","0.15","1"
"Potenza_Viale_Firenze","CO","mg/m³","13/07/2022","03","0.13","1"
"Potenza_Viale_Firenze","CO","mg/m³","13/07/2022","04","0.13","1"
"Potenza_Viale_Firenze","CO","mg/m³","13/07/2022","05","0.14","1"
"Potenza_Viale_Firenze","CO","mg/m³","13/07/2022","06","0.19","1"
"Potenza_Viale_Firenze","CO","mg/m³","13/07/2022","07","0.28","1"
"Potenza_Viale_Firenze","CO","mg/m³","13/07/2022","08","0.31","1"
"Potenza_Viale_Firenze","CO","mg/m³","13/07/2022","09","0.29","-1"
"Potenza_Viale_Firenze","CO","mg/m³","13/07/2022","10","0.29","1"
"Potenza_Viale_Firenze","CO","mg/m³","13/07/2022","11","0.28","1"
"Potenza_Viale_Firenze","CO","mg/m³","13/07/2022","12","0.27","1"
"Potenza_Viale_Firenze","CO","mg/m³","13/07/2022","13","0.25","1"
"Potenza_Viale_Firenze","CO","mg/m³","13/07/2022","14","0.21","1"
"Potenza_Viale_Firenze","CO","mg/m³","13/07/2022","15","0.20","1"
"Potenza_Viale_Firenze","CO","mg/m³","13/07/2022","16","0.21","1"
"Potenza_Viale_Firenze","CO","mg/m³","13/07/2022","17","0.22","1"
"Potenza_Viale_Firenze","CO","mg/m³","13/07/2022","18","0.25","1"
"Potenza_Viale_Firenze","CO","mg/m³","13/07/2022","19","0.28","1"
"Potenza_Viale_Firenze","CO","mg/m³","13/07/2022","20","0.40","1"
"Potenza_Viale_Firenze","CO","mg/m³","13/07/2022","21","0.47","1"
"Potenza_Viale_Firenze","CO","mg/m³","13/07/2022","22","0.43","1"
"Potenza_Viale_Firenze","CO","mg/m³","13/07/2022","23","0.32","1"
"Potenza_Viale_Firenze","CO","mg/m³","13/07/2022","24","0.30","1"
"Potenza_Viale_Firenze","CO","mg/m³","14/07/2022","01","0.24","1"
"Potenza_Viale_Firenze","CO","mg/m³","14/07/2022","02","0.18","1"
"Potenza_Viale_Firenze","CO","mg/m³","14/07/2022","03","0.16","1"
"Potenza_Viale_Firenze","CO","mg/m³","14/07/2022","04","0.15","1"
"Potenza_Viale_Firenze","CO","mg/m³","14/07/2022","05","0.17","1"
"Potenza_Viale_Firenze","CO","mg/m³","14/07/2022","06","0.29","1"
"Potenza_Viale_Firenze","CO","mg/m³","14/07/2022","07","0.40","1"
"Potenza_Viale_Firenze","CO","mg/m³","14/07/2022","08","0.49","-1"
"Potenza_Viale_Firenze","CO","mg/m³","14/07/2022","09","0.42","1"
"Potenza_Viale_Firenze","CO","mg/m³","14/07/2022","10","0.38","1"
"Potenza_Viale_Firenze","CO","mg/m³","14/07/2022","11","0.33","1"
"Potenza_Viale_Firenze","CO","mg/m³","14/07/2022","12","0.32","1"
"Potenza_Viale_Firenze","CO","mg/m³","14/07/2022","13","0.28","1"
"Potenza_Viale_Firenze","CO","mg/m³","14/07/2022","14","0.25","1"
"Potenza_Viale_Firenze","CO","mg/m³","14/07/2022","15","0.23","1"
"Potenza_Viale_Firenze","CO","mg/m³","14/07/2022","16","0.27","1"
"Potenza_Viale_Firenze","CO","mg/m³","14/07/2022","17","0.32","1"
"Potenza_Viale_Firenze","CO","mg/m³","14/07/2022","18","0.37","1"
"Potenza_Viale_Firenze","CO","mg/m³","14/07/2022","19","0.40","1"
"Potenza_Viale_Firenze","CO","mg/m³","14/07/2022","20","0.40","1"
"Potenza_Viale_Firenze","CO","mg/m³","14/07/2022","21","0.39","1"
"Potenza_Viale_Firenze","CO","mg/m³","14/07/2022","22","0.39","1"
"Potenza_Viale_Firenze","CO","mg/m³","14/07/2022","23","0.38","1"
"Potenza_Viale_Firenze","CO","mg/m³","14/07/2022","24","0.37","1"
"Potenza_Viale_Firenze","CO","mg/m³","15/07/2022","01","0.32","1"
"Potenza_Viale_Firenze","CO","mg/m³","15/07/2022","02","0.28","1"
"Potenza_Viale_Firenze","CO","mg/m³","15/07/2022","03","0.24","1"
"Potenza_Viale_Firenze","CO","mg/m³","15/07/2022","04","0.21","1"
"Potenza_Viale_Firenze","CO","mg/m³","15/07/2022","05","0.22","1"
"Potenza_Viale_Firenze","CO","mg/m³","15/07/2022","06","0.25","1"
"Potenza_Viale_Firenze","CO","mg/m³","15/07/2022","07","0.45","-1"
"Potenza_Viale_Firenze","CO","mg/m³","15/07/2022","08","0.52","1"
"Potenza_Viale_Firenze","CO","mg/m³","15/07/2022","09","0.45","1"
"Potenza_Viale_Firenze","CO","mg/m³","15/07/2022","10","0.42","1"
"Potenza_Viale_Firenze","CO","mg/m³","15/07/2022","11","0.37","1"
"Potenza_Viale_Firenze","CO","mg/m³","15/07/2022","12","0.32","1"
"Potenza_Viale_Firenze","CO","mg/m³","15/07/2022","13","0.32","1"
"Potenza_Viale_Firenze","CO","mg/m³","15/07/2022","14","0.26","1"
"Potenza_Viale_Firenze","CO","mg/m³","15/07/2022","15","0.26","1"
"Potenza_Viale_Firenze","CO","mg/m³","15/07/2022","16","0.32","1"
"Potenza_Viale_Firenze","CO","mg/m³","15/07/2022","17","0.34","1"
"Potenza_Viale_Firenze","CO","mg/m³","15/07/2022","18","0.39","1"
"Potenza_Viale_Firenze","CO","mg/m³","15/07/2022","19","0.50","1"
"Potenza_Viale_Firenze","CO","mg/m³","15/07/2022","20","0.62","1"
"Potenza_Viale_Firenze","CO","mg/m³","15/07/2022","21","0.50","1"
"Potenza_Viale_Firenze","CO","mg/m³","15/07/2022","22","0.46","1"
"Potenza_Viale_Firenze","CO","mg/m³","15/07/2022","23","0.38","1"
"Potenza_Viale_Firenze","CO","mg/m³","15/07/2022","24","0.36","1"
"Potenza_Viale_Firenze","CO","mg/m³","16/07/2022","01","0.31","1"
"Potenza_Viale_Firenze","CO","mg/m³","16/07/2022","02","0.27","1"
"Potenza_Viale_Firenze","CO","mg/m³","16/07/2022","03","0.24","1"
"Potenza_Viale_Firenze","CO","mg/m³","16/07/2022","04","0.22","1"
"Potenza_Viale_Firenze","CO","mg/m³","16/07/2022","05","0.21","1"
"Potenza_Viale_Firenze","CO","mg/m³","16/07/2022","06","0.28","-1"
"Potenza_Viale_Firenze","CO","mg/m³","16/07/2022","07","0.39","1"
"Potenza_Viale_Firenze","CO","mg/m³","16/07/2022","08","0.41","1"
"Potenza_Viale_Firenze","CO","mg/m³","16/07/2022","09","0.35","1"
"Potenza_Viale_Firenze","CO","mg/m³","16/07/2022","10","0.38","1"
"Potenza_Viale_Firenze","CO","mg/m³","16/07/2022","11","0.32","1"
"Potenza_Viale_Firenze","CO","mg/m³","16/07/2022","12","0.26","1"
"Potenza_Viale_Firenze","CO","mg/m³","16/07/2022","13","0.26","1"
"Potenza_Viale_Firenze","CO","mg/m³","16/07/2022","14","0.21","1"
"Potenza_Viale_Firenze","CO","mg/m³","16/07/2022","15","0.20","1"
"Potenza_Viale_Firenze","CO","mg/m³","16/07/2022","16","0.20","1"
"Potenza_Viale_Firenze","CO","mg/m³","16/07/2022","17","0.21","1"
"Potenza_Viale_Firenze","CO","mg/m³","16/07/2022","18","0.23","1"
"Potenza_Viale_Firenze","CO","mg/m³","16/07/2022","19","0.28","1"
"Potenza_Viale_Firenze","CO","mg/m³","16/07/2022","20","0.26","1"
"Potenza_Viale_Firenze","CO","mg/m³","16/07/2022","21","0.31","1"
"Potenza_Viale_Firenze","CO","mg/m³","16/07/2022","22","0.35","1"
"Potenza_Viale_Firenze","CO","mg/m³","16/07/2022","23","0.36","1"
"Potenza_Viale_Firenze","CO","mg/m³","16/07/2022","24","0.33","1"
"Potenza_Viale_Firenze","CO","mg/m³","17/07/2022","01","0.35","1"
"Potenza_Viale_Firenze","CO","mg/m³","17/07/2022","02","0.27","1"
"Potenza_Viale_Firenze","CO","mg/m³","17/07/2022","03","0.25","1"
"Potenza_Viale_Firenze","CO","mg/m³","17/07/2022","04","0.23","1"
"Potenza_Viale_Firenze","CO","mg/m³","17/07/2022","05","0.21","-1"
"Potenza_Viale_Firenze","CO","mg/m³","17/07/2022","06","0.23","1"
"Potenza_Viale_Firenze","CO","mg/m³","17/07/2022","07","0.27","1"
"Potenza_Viale_Firenze","CO","mg/m³","17/07/2022","08","0.27","1"
"Potenza_Viale_Firenze","CO","mg/m³","17/07/2022","09","0.23","1"
"Potenza_Viale_Firenze","CO","mg/m³","17/07/2022","10","0.27","1"
"Potenza_Viale_Firenze","CO","mg/m³","17/07/2022","11","0.26","1"
"Potenza_Viale_Firenze","CO","mg/m³","17/07/2022","12","0.25","1"
"Potenza_Viale_Firenze","CO","mg/m³","17/07/2022","13","0.27","1"
"Potenza_Viale_Firenze","CO","mg/m³","17/07/2022","14","0.24","1"
"Potenza_Viale_Firenze","CO","mg/m³","17/07/2022","15","0.22","1"
"Potenza_Viale_Firenze","CO","mg/m³","17/07/2022","16","0.24","1"
"Potenza_Viale_Firenze","CO","mg/m³","17/07/2022","17","0.26","1"
"Potenza_Viale_Firenze","CO","mg/m³","17/07/2022","18","0.32","1"
"Potenza_Viale_Firenze","CO","mg/m³","17/07/2022","19","0.32","1"
"Potenza_Viale_Firenze","CO","mg/m³","17/07/2022","20","0.34","1"
"Potenza_Viale_Firenze","CO","mg/m³","17/07/2022","21","0.29","1"
"Potenza_Viale_Firenze","CO","mg/m³","17/07/2022","22","0.31","1"
"Potenza_Viale_Firenze","CO","mg/m³","17/07/2022","23","0.35","1"
"Potenza_Viale_Firenze","CO","mg/m³","17/07/2022","24","0.33","1"
"Potenza_Viale_Firenze","CO","mg/m³","18/07/2022","01","0.30","1"
"Potenza_Viale_Firenze","CO","mg/m³","18/07/2022","02","0.28","1"
"Potenza_Viale_Firenze","CO","mg/m³","18/07/2022","03","0.24","1"
"Potenza_Viale_Firenze","CO","mg/m³","18/07/2022","04","0.22","-1"
"Potenza_Viale_Firenze","CO","mg/m³","18/07/2022","05","0.23","1"
"Potenza_Viale_Firenze","CO","mg/m³","18/07/2022","06","0.31","1"
"Potenza_Viale_Firenze","CO","mg/m³","18/07/2022","07","0.42","1"
"Potenza_Viale_Firenze","CO","mg/m³","18/07/2022","08","0.36","1"
"Potenza_Viale_Firenze","CO","mg/m³","18/07/2022","09","0.32","1"
"Potenza_Viale_Firenze","CO","mg/m³","18/07/2022","10","0.33","1"
"Potenza_Viale_Firenze","CO","mg/m³","18/07/2022","11","0.33","1"
"Potenza_Viale_Firenze","CO","mg/m³","18/07/2022","12","0.32","1"
"Potenza_Viale_Firenze","CO","mg/m³","18/07/2022","13","0.33","1"
"Potenza_Viale_Firenze","CO","mg/m³","18/07/2022","14","0.31","1"
"Potenza_Viale_Firenze","CO","mg/m³","18/07/2022","15","0.28","1"
"Potenza_Viale_Firenze","CO","mg/m³","18/07/2022","16","0.30","1"
"Potenza_Viale_Firenze","CO","mg/m³","18/07/2022","17","0.34","1"
"Potenza_Viale_Firenze","CO","mg/m³","18/07/2022","18","0.38","1"
"Potenza_Viale_Firenze","CO","mg/m³","18/07/2022","19","0.35","1"
"Potenza_Viale_Firenze","CO","mg/m³","18/07/2022","20","0.37","1"
"Potenza_Viale_Firenze","CO","mg/m³","18/07/2022","21","0.39","1"
"Potenza_Viale_Firenze","CO","mg/m³","18/07/2022","22","0.37","1"
"Potenza_Viale_Firenze","CO","mg/m³","18/07/2022","23","0.40","1"
"Potenza_Viale_Firenze","CO","mg/m³","18/07/2022","24","0.35","1"
"Potenza_Viale_Firenze","CO","mg/m³","19/07/2022","01","0.30","1"
"Potenza_Viale_Firenze","CO","mg/m³","19/07/2022","02","0.27","1"
"Potenza_Viale_Firenze","CO","mg/m³","19/07/2022","03","0.24","-1"
"Potenza_Viale_Firenze","CO","mg/m³","19/07/2022","04","0.22","1"
"Potenza_Viale_Firenze","CO","mg/m³","19/07/2022","05","0.22","1"
"Potenza_Viale_Firenze","CO","mg/m³","19/07/2022","06","0.27","1"
"Potenza_Viale_Firenze","CO","mg/m³","19/07/2022","07","0.36","1"
"Potenza_Viale_Firenze","CO","mg/m³","19/07/2022","08","0.32","1"
"Potenza_Viale_Firenze","CO","mg/m³","19/07/2022","09","0.39","1"
"Potenza_Viale_Firenze","CO","mg/m³","19/07/2022","10","0.34","1"
"Potenza_Viale_Firenze","CO","mg/m³","19/07/2022","11","0.33","1"
"Potenza_Viale_Firenze","CO","mg/m³","19/07/2022","12","0.30","1"
"Potenza_Viale_Firenze","CO","mg/m³","19/07/2022","13","0.38","1"
"Potenza_Viale_Firenze","CO","mg/m³","19/07/2022","14","0.31","1"
"Potenza_Viale_Firenze","CO","mg/m³","19/07/2022","15","0.27","1"
"Potenza_Viale_Firenze","CO","mg/m³","19/07/2022","16","0.27","1"
"Potenza_Viale_Firenze","CO","mg/m³","19/07/2022","17","0.35","1"
"Potenza_Viale_Firenze","CO","mg/m³","19/07/2022","18","0.40","1"
"Potenza_Viale_Firenze","CO","mg/m³","19/07/2022","19","0.44","1"
"Potenza_Viale_Firenze","CO","mg/m³","19/07/2022","20","0.46","1"
"Potenza_Viale_Firenze","CO","mg/m³","19/07/2022","21","0.38","1"
"Potenza_Viale_Firenze","CO","mg/m³","19/07/2022","22","0.35","1"
"Potenza_Viale_Firenze","CO","mg/m³","19/07/2022","23","0.35","1"
"Potenza_Viale_Firenze","CO","mg/m³","19/07/2022","24","0.37","1"
"Potenza_Viale_Firenze","CO","mg/m³","20/07/2022","01","0.34","1"
"Potenza_Viale_Firenze","CO","mg/m³","20/07/2022","02","0.30","-1"
"Potenza_Viale_Firenze","CO","mg/m³","20/07/2022","03","0.26","1"
"Potenza_Viale_Firenze","CO","mg/m³","20/07/2022","04","0.23","1"
"Potenza_Viale_Firenze","CO","mg/m³","20/07/2022","05","0.22","1"
"Potenza_Viale_Firenze","CO","mg/m³","20/07/2022","06","0.27","1"
"Potenza_Viale_Firenze","CO","mg/m³","20/07/2022","07","0.42","1"
"Potenza_Viale_Firenze","CO","mg/m³","20/07/2022","08","0.44","1"
"Potenza_Viale_Firenze","CO","mg/m³","20/07/2022","09","0.44","1"
"Potenza_Viale_Firenze","CO","mg/m³","20/07/2022","10","0.37","1"
"Potenza_Viale_Firenze","CO","mg/m³","20/07/2022","11","0.31","1"
"Potenza_Viale_Firenze","CO","mg/m³","20/07/2022","12","0.31","1"
"Potenza_Viale_Firenze","CO","mg/m³","20/07/2022","13","0.35","1"
"Potenza_Viale_Firenze","CO","mg/m³","20/07/2022","14","0.30","1"
"Potenza_Viale_Firenze","CO","mg/m³","20/07/2022","15","0.30","1"
"Potenza_Viale_Firenze","CO","mg/m³","20/07/2022","16","0.31","1"
"Potenza_Viale_Firenze","CO","mg/m³","20/07/2022","17","0.35","1"
"Potenza_Viale_Firenze","CO","mg/m³","20/07/2022","18","0.42","1"
"Potenza_Viale_Firenze","CO","mg/m³","20/07/2022","19","0.51","1"
"Potenza_Viale_Firenze","CO","mg/m³","20/07/2022","20","0.56","1"
"Potenza_Viale_Firenze","CO","mg/m³","20/07/2022","21","0.53","1"
"Potenza_Viale_Firenze","CO","mg/m³","20/07/2022","22","0.45","1"
"Potenza_Viale_Firenze","CO","mg/m³","20/07/2022","23","0.42","1"
"Potenza_Viale_Firenze","CO","mg/m³","20/07/2022","24","0.39","1"
"Potenza_Viale_Firenze","CO","mg/m³","21/07/2022","01","0.35","-1"
"Potenza_Viale_Firenze","CO","mg/m³","21/07/2022","02","0.31","1"
"Potenza_Viale_Firenze","CO","mg/m³","21/07/2022","03","0.28","1"
"Potenza_Viale_Firenze","CO","mg/m³","21/07/2022","04","0.26","1"
"Potenza_Viale_Firenze","CO","mg/m³","21/07/2022","05","0.24","1"
"Potenza_Viale_Firenze","CO","mg/m³","21/07/2022","06","0.29","1"
"Potenza_Viale_Firenze","CO","mg/m³","21/07/2022","07","0.45","1"
"Potenza_Viale_Firenze","CO","mg/m³","21/07/2022","08","0.47","1"
"Potenza_Viale_Firenze","CO","mg/m³","21/07/2022","09","0.30","1"
"Potenza_Viale_Firenze","CO","mg/m³","21/07/2022","10","0.35","1"
"Potenza_Viale_Firenze","CO","mg/m³","21/07/2022","11","0.36","1"
"Potenza_Viale_Firenze","CO","mg/m³","21/07/2022","12","0.35","1"
"Potenza_Viale_Firenze","CO","mg/m³","21/07/2022","13","-9999","-1"
"Potenza_Viale_Firenze","CO","mg/m³","21/07/2022","14","-9999","-1"
"Potenza_Viale_Firenze","CO","mg/m³","21/07/2022","15","-9999","-1"
"Potenza_Viale_Firenze","CO","mg/m³","21/07/2022","16","-9999","-1"
"Potenza_Viale_Firenze","CO","mg/m³","21/07/2022","17","0.49","-1"
"Potenza_Viale_Firenze","CO","mg/m³","21/07/2022","18","0.45","1"
"Potenza_Viale_Firenze","CO","mg/m³","21/07/2022","19","0.40","1"
"Potenza_Viale_Firenze","CO","mg/m³","21/07/2022","20","0.51","1"
"Potenza_Viale_Firenze","CO","mg/m³","21/07/2022","21","0.56","1"
"Potenza_Viale_Firenze","CO","mg/m³","21/07/2022","22","0.46","1"
"Potenza_Viale_Firenze","CO","mg/m³","21/07/2022","23","0.43","1"
"Potenza_Viale_Firenze","CO","mg/m³","21/07/2022","24","0.32","-1"
"Potenza_Viale_Firenze","CO","mg/m³","22/07/2022","01","0.29","1"
"Potenza_Viale_Firenze","CO","mg/m³","22/07/2022","02","0.22","1"
"Potenza_Viale_Firenze","CO","mg/m³","22/07/2022","03","0.19","1"
"Potenza_Viale_Firenze","CO","mg/m³","22/07/2022","04","0.19","1"
"Potenza_Viale_Firenze","CO","mg/m³","22/07/2022","05","0.18","1"
"Potenza_Viale_Firenze","CO","mg/m³","22/07/2022","06","0.25","1"
"Potenza_Viale_Firenze","CO","mg/m³","22/07/2022","07","0.49","1"
"Potenza_Viale_Firenze","CO","mg/m³","22/07/2022","08","0.39","1"
"Potenza_Viale_Firenze","CO","mg/m³","22/07/2022","09","0.28","1"
"Potenza_Viale_Firenze","CO","mg/m³","22/07/2022","10","0.24","1"
"Potenza_Viale_Firenze","CO","mg/m³","22/07/2022","11","0.26","1"
"Potenza_Viale_Firenze","CO","mg/m³","22/07/2022","12","0.23","1"
"Potenza_Viale_Firenze","CO","mg/m³","22/07/2022","13","0.28","1"
"Potenza_Viale_Firenze","CO","mg/m³","22/07/2022","14","0.20","1"
"Potenza_Viale_Firenze","CO","mg/m³","22/07/2022","15","0.18","1"
"Potenza_Viale_Firenze","CO","mg/m³","22/07/2022","16","0.23","1"
"Potenza_Viale_Firenze","CO","mg/m³","22/07/2022","17","0.24","1"
"Potenza_Viale_Firenze","CO","mg/m³","22/07/2022","18","0.29","1"
"Potenza_Viale_Firenze","CO","mg/m³","22/07/2022","19","0.35","1"
"Potenza_Viale_Firenze","CO","mg/m³","22/07/2022","20","0.51","1"
"Potenza_Viale_Firenze","CO","mg/m³","22/07/2022","21","0.35","1"
"Potenza_Viale_Firenze","CO","mg/m³","22/07/2022","22","0.38","1"
"Potenza_Viale_Firenze","CO","mg/m³","22/07/2022","23","0.36","-1"
"Potenza_Viale_Firenze","CO","mg/m³","22/07/2022","24","0.33","1"
"Potenza_Viale_Firenze","CO","mg/m³","23/07/2022","01","0.29","1"
"Potenza_Viale_Firenze","CO","mg/m³","23/07/2022","02","0.21","1"
"Potenza_Viale_Firenze","CO","mg/m³","23/07/2022","03","0.20","1"
"Potenza_Viale_Firenze","CO","mg/m³","23/07/2022","04","0.17","1"
"Potenza_Viale_Firenze","CO","mg/m³","23/07/2022","05","0.16","1"
"Potenza_Viale_Firenze","CO","mg/m³","23/07/2022","06","0.26","1"
"Potenza_Viale_Firenze","CO","mg/m³","23/07/2022","07","0.36","1"
"Potenza_Viale_Firenze","CO","mg/m³","23/07/2022","08","0.26","1"
"Potenza_Viale_Firenze","CO","mg/m³","23/07/2022","09","0.23","1"
"Potenza_Viale_Firenze","CO","mg/m³","23/07/2022","10","0.32","1"
"Potenza_Viale_Firenze","CO","mg/m³","23/07/2022","11","0.33","1"
"Potenza_Viale_Firenze","CO","mg/m³","23/07/2022","12","0.30","1"
"Potenza_Viale_Firenze","CO","mg/m³","23/07/2022","13","0.25","1"
"Potenza_Viale_Firenze","CO","mg/m³","23/07/2022","14","0.20","1"
"Potenza_Viale_Firenze","CO","mg/m³","23/07/2022","15","0.21","1"
"Potenza_Viale_Firenze","CO","mg/m³","23/07/2022","16","0.20","1"
"Potenza_Viale_Firenze","CO","mg/m³","23/07/2022","17","0.23","1"
"Potenza_Viale_Firenze","CO","mg/m³","23/07/2022","18","0.27","1"
"Potenza_Viale_Firenze","CO","mg/m³","23/07/2022","19","0.23","1"
"Potenza_Viale_Firenze","CO","mg/m³","23/07/2022","20","0.28","1"
"Potenza_Viale_Firenze","CO","mg/m³","23/07/2022","21","0.24","1"
"Potenza_Viale_Firenze","CO","mg/m³","23/07/2022","22","0.17","-1"
"Potenza_Viale_Firenze","CO","mg/m³","23/07/2022","23","0.21","1"
"Potenza_Viale_Firenze","CO","mg/m³","23/07/2022","24","0.20","1"
"Potenza_Viale_Firenze","CO","mg/m³","24/07/2022","01","0.19","1"
"Potenza_Viale_Firenze","CO","mg/m³","24/07/2022","02","0.14","1"
"Potenza_Viale_Firenze","CO","mg/m³","24/07/2022","03","0.12","1"
"Potenza_Viale_Firenze","CO","mg/m³","24/07/2022","04","0.12","1"
"Potenza_Viale_Firenze","CO","mg/m³","24/07/2022","05","0.12","1"
"Potenza_Viale_Firenze","CO","mg/m³","24/07/2022","06","0.12","1"
"Potenza_Viale_Firenze","CO","mg/m³","24/07/2022","07","0.15","1"
"Potenza_Viale_Firenze","CO","mg/m³","24/07/2022","08","0.14","1"
"Potenza_Viale_Firenze","CO","mg/m³","24/07/2022","09","0.13","1"
"Potenza_Viale_Firenze","CO","mg/m³","24/07/2022","10","0.14","1"
"Potenza_Viale_Firenze","CO","mg/m³","24/07/2022","11","0.18","1"
"Potenza_Viale_Firenze","CO","mg/m³","24/07/2022","12","0.18","1"
"Potenza_Viale_Firenze","CO","mg/m³","24/07/2022","13","0.17","1"
"Potenza_Viale_Firenze","CO","mg/m³","24/07/2022","14","0.19","1"
"Potenza_Viale_Firenze","CO","mg/m³","24/07/2022","15","0.16","1"
"Potenza_Viale_Firenze","CO","mg/m³","24/07/2022","16","0.16","1"
"Potenza_Viale_Firenze","CO","mg/m³","24/07/2022","17","0.17","1"
"Potenza_Viale_Firenze","CO","mg/m³","24/07/2022","18","0.21","1"
"Potenza_Viale_Firenze","CO","mg/m³","24/07/2022","19","0.24","1"
"Potenza_Viale_Firenze","CO","mg/m³","24/07/2022","20","0.25","1"
"Potenza_Viale_Firenze","CO","mg/m³","24/07/2022","21","0.28","-1"
"Potenza_Viale_Firenze","CO","mg/m³","24/07/2022","22","0.24","1"
"Potenza_Viale_Firenze","CO","mg/m³","24/07/2022","23","0.25","1"
"Potenza_Viale_Firenze","CO","mg/m³","24/07/2022","24","0.22","1"
"Potenza_Viale_Firenze","CO","mg/m³","25/07/2022","01","0.20","1"
"Potenza_Viale_Firenze","CO","mg/m³","25/07/2022","02","0.17","1"
"Potenza_Viale_Firenze","CO","mg/m³","25/07/2022","03","0.12","1"
"Potenza_Viale_Firenze","CO","mg/m³","25/07/2022","04","0.12","1"
"Potenza_Viale_Firenze","CO","mg/m³","25/07/2022","05","0.14","1"
"Potenza_Viale_Firenze","CO","mg/m³","25/07/2022","06","0.26","1"
"Potenza_Viale_Firenze","CO","mg/m³","25/07/2022","07","0.24","1"
"Potenza_Viale_Firenze","CO","mg/m³","25/07/2022","08","0.26","1"
"Potenza_Viale_Firenze","CO","mg/m³","25/07/2022","09","0.24","1"
"Potenza_Viale_Firenze","CO","mg/m³","25/07/2022","10","0.22","1"
"Potenza_Viale_Firenze","CO","mg/m³","25/07/2022","11","0.25","1"
"Potenza_Viale_Firenze","CO","mg/m³","25/07/2022","12","0.25","1"
"Potenza_Viale_Firenze","CO","mg/m³","25/07/2022","13","0.27","1"
"Potenza_Viale_Firenze","CO","mg/m³","25/07/2022","14","0.22","1"
"Potenza_Viale_Firenze","CO","mg/m³","25/07/2022","15","0.20","1"
"Potenza_Viale_Firenze","CO","mg/m³","25/07/2022","16","0.23","1"
"Potenza_Viale_Firenze","CO","mg/m³","25/07/2022","17","0.25","1"
"Potenza_Viale_Firenze","CO","mg/m³","25/07/2022","18","0.27","1"
"Potenza_Viale_Firenze","CO","mg/m³","25/07/2022","19","0.29","1"
"Potenza_Viale_Firenze","CO","mg/m³","25/07/2022","20","0.29","-1"
"Potenza_Viale_Firenze","CO","mg/m³","25/07/2022","21","0.24","1"
"Potenza_Viale_Firenze","CO","mg/m³","25/07/2022","22","0.23","1"
"Potenza_Viale_Firenze","CO","mg/m³","25/07/2022","23","0.19","1"
"Potenza_Viale_Firenze","CO","mg/m³","25/07/2022","24","0.22","1"
"Potenza_Viale_Firenze","CO","mg/m³","26/07/2022","01","0.17","1"
"Potenza_Viale_Firenze","CO","mg/m³","26/07/2022","02","0.15","1"
"Potenza_Viale_Firenze","CO","mg/m³","26/07/2022","03","0.16","1"
"Potenza_Viale_Firenze","CO","mg/m³","26/07/2022","04","0.12","1"
"Potenza_Viale_Firenze","CO","mg/m³","26/07/2022","05","0.15","1"
"Potenza_Viale_Firenze","CO","mg/m³","26/07/2022","06","0.18","1"
"Potenza_Viale_Firenze","CO","mg/m³","26/07/2022","07","0.22","1"
"Potenza_Viale_Firenze","CO","mg/m³","26/07/2022","08","0.23","1"
"Potenza_Viale_Firenze","CO","mg/m³","26/07/2022","09","0.29","1"
"Potenza_Viale_Firenze","CO","mg/m³","26/07/2022","10","0.29","1"
"Potenza_Viale_Firenze","CO","mg/m³","26/07/2022","11","0.32","1"
"Potenza_Viale_Firenze","CO","mg/m³","26/07/2022","12","0.32","1"
"Potenza_Viale_Firenze","CO","mg/m³","26/07/2022","13","0.29","1"
"Potenza_Viale_Firenze","CO","mg/m³","26/07/2022","14","0.22","1"
"Potenza_Viale_Firenze","CO","mg/m³","26/07/2022","15","0.21","1"
"Potenza_Viale_Firenze","CO","mg/m³","26/07/2022","16","0.22","1"
"Potenza_Viale_Firenze","CO","mg/m³","26/07/2022","17","0.25","1"
"Potenza_Viale_Firenze","CO","mg/m³","26/07/2022","18","0.29","1"
"Potenza_Viale_Firenze","CO","mg/m³","26/07/2022","19","0.35","-1"
"Potenza_Viale_Firenze","CO","mg/m³","26/07/2022","20","0.31","1"
"Potenza_Viale_Firenze","CO","mg/m³","26/07/2022","21","0.23","1"
"Potenza_Viale_Firenze","CO","mg/m³","26/07/2022","22","0.17","1"
"Potenza_Viale_Firenze","CO","mg/m³","26/07/2022","23","0.19","1"
"Potenza_Viale_Firenze","CO","mg/m³","26/07/2022","24","0.17","1"
"Potenza_Viale_Firenze","CO","mg/m³","27/07/2022","01","0.13","1"
"Potenza_Viale_Firenze","CO","mg/m³","27/07/2022","02","0.12","1"
"Potenza_Viale_Firenze","CO","mg/m³","27/07/2022","03","0.10","1"
"Potenza_Viale_Firenze","CO","mg/m³","27/07/2022","04","0.11","1"
"Potenza_Viale_Firenze","CO","mg/m³","27/07/2022","05","0.13","1"
"Potenza_Viale_Firenze","CO","mg/m³","27/07/2022","06","0.23","1"
"Potenza_Viale_Firenze","CO","mg/m³","27/07/2022","07","0.33","1"
"Potenza_Viale_Firenze","CO","mg/m³","27/07/2022","08","0.34","1"
"Potenza_Viale_Firenze","CO","mg/m³","27/07/2022","09","0.33","1"
"Potenza_Viale_Firenze","CO","mg/m³","27/07/2022","10","0.31","1"
"Potenza_Viale_Firenze","CO","mg/m³","27/07/2022","11","0.40","1"
"Potenza_Viale_Firenze","CO","mg/m³","27/07/2022","12","0.35","1"
"Potenza_Viale_Firenze","CO","mg/m³","27/07/2022","13","0.25","1"
"Potenza_Viale_Firenze","CO","mg/m³","27/07/2022","14","0.25","1"
"Potenza_Viale_Firenze","CO","mg/m³","27/07/2022","15","0.21","1"
"Potenza_Viale_Firenze","CO","mg/m³","27/07/2022","16","0.21","1"
"Potenza_Viale_Firenze","CO","mg/m³","27/07/2022","17","0.29","1"
"Potenza_Viale_Firenze","CO","mg/m³","27/07/2022","18","0.27","-1"
"Potenza_Viale_Firenze","CO","mg/m³","27/07/2022","19","0.30","1"
"Potenza_Viale_Firenze","CO","mg/m³","27/07/2022","20","0.27","1"
"Potenza_Viale_Firenze","CO","mg/m³","27/07/2022","21","0.26","1"
"Potenza_Viale_Firenze","CO","mg/m³","27/07/2022","22","0.19","1"
"Potenza_Viale_Firenze","CO","mg/m³","27/07/2022","23","0.21","1"
"Potenza_Viale_Firenze","CO","mg/m³","27/07/2022","24","0.21","1"
"Potenza_Viale_Firenze","CO","mg/m³","28/07/2022","01","0.18","1"
"Potenza_Viale_Firenze","CO","mg/m³","28/07/2022","02","0.18","1"
"Potenza_Viale_Firenze","CO","mg/m³","28/07/2022","03","0.17","1"
"Potenza_Viale_Firenze","CO","mg/m³","28/07/2022","04","0.16","1"
"Potenza_Viale_Firenze","CO","mg/m³","28/07/2022","05","0.16","1"
"Potenza_Viale_Firenze","CO","mg/m³","28/07/2022","06","0.20","1"
"Potenza_Viale_Firenze","CO","mg/m³","28/07/2022","07","0.27","1"
"Potenza_Viale_Firenze","CO","mg/m³","28/07/2022","08","0.36","1"
"Potenza_Viale_Firenze","CO","mg/m³","28/07/2022","09","0.28","1"
"Potenza_Viale_Firenze","CO","mg/m³","28/07/2022","10","0.30","1"
"Potenza_Viale_Firenze","CO","mg/m³","28/07/2022","11","0.25","1"
"Potenza_Viale_Firenze","CO","mg/m³","28/07/2022","12","0.24","1"
"Potenza_Viale_Firenze","CO","mg/m³","28/07/2022","13","0.28","1"
"Potenza_Viale_Firenze","CO","mg/m³","28/07/2022","14","0.25","1"
"Potenza_Viale_Firenze","CO","mg/m³","28/07/2022","15","0.24","1"
"Potenza_Viale_Firenze","CO","mg/m³","28/07/2022","16","0.23","1"
"Potenza_Viale_Firenze","CO","mg/m³","28/07/2022","17","0.24","-1"
"Potenza_Viale_Firenze","CO","mg/m³","28/07/2022","18","0.28","1"
"Potenza_Viale_Firenze","CO","mg/m³","28/07/2022","19","0.21","1"
"Potenza_Viale_Firenze","CO","mg/m³","28/07/2022","20","0.17","1"
"Potenza_Viale_Firenze","CO","mg/m³","28/07/2022","21","0.18","1"
"Potenza_Viale_Firenze","CO","mg/m³","28/07/2022","22","0.18","1"
"Potenza_Viale_Firenze","CO","mg/m³","28/07/2022","23","0.21","1"
"Potenza_Viale_Firenze","CO","mg/m³","28/07/2022","24","0.21","1"
"Potenza_Viale_Firenze","CO","mg/m³","29/07/2022","01","0.20","1"
"Potenza_Viale_Firenze","CO","mg/m³","29/07/2022","02","0.19","1"
"Potenza_Viale_Firenze","CO","mg/m³","29/07/2022","03","0.18","1"
"Potenza_Viale_Firenze","CO","mg/m³","29/07/2022","04","0.17","1"
"Potenza_Viale_Firenze","CO","mg/m³","29/07/2022","05","0.17","1"
"Potenza_Viale_Firenze","CO","mg/m³","29/07/2022","06","0.19","1"
"Potenza_Viale_Firenze","CO","mg/m³","29/07/2022","07","0.23","1"
"Potenza_Viale_Firenze","CO","mg/m³","29/07/2022","08","0.23","1"
"Potenza_Viale_Firenze","CO","mg/m³","29/07/2022","09","0.25","1"
"Potenza_Viale_Firenze","CO","mg/m³","29/07/2022","10","0.19","1"
"Potenza_Viale_Firenze","CO","mg/m³","29/07/2022","11","0.20","1"
"Potenza_Viale_Firenze","CO","mg/m³","29/07/2022","12","0.22","1"
"Potenza_Viale_Firenze","CO","mg/m³","29/07/2022","13","0.23","1"
"Potenza_Viale_Firenze","CO","mg/m³","29/07/2022","14","0.21","1"
"Potenza_Viale_Firenze","CO","mg/m³","29/07/2022","15","0.20","1"
"Potenza_Viale_Firenze","CO","mg/m³","29/07/2022","16","0.22","-1"
"Potenza_Viale_Firenze","CO","mg/m³","29/07/2022","17","0.20","1"
"Potenza_Viale_Firenze","CO","mg/m³","29/07/2022","18","0.28","1"
"Potenza_Viale_Firenze","CO","mg/m³","29/07/2022","19","0.26","1"
"Potenza_Viale_Firenze","CO","mg/m³","29/07/2022","20","0.21","1"
"Potenza_Viale_Firenze","CO","mg/m³","29/07/2022","21","0.20","1"
"Potenza_Viale_Firenze","CO","mg/m³","29/07/2022","22","0.15","1"
"Potenza_Viale_Firenze","CO","mg/m³","29/07/2022","23","0.19","1"
"Potenza_Viale_Firenze","CO","mg/m³","29/07/2022","24","0.18","1"
"Potenza_Viale_Firenze","CO","mg/m³","30/07/2022","01","0.16","1"
"Potenza_Viale_Firenze","CO","mg/m³","30/07/2022","02","0.14","1"
"Potenza_Viale_Firenze","CO","mg/m³","30/07/2022","03","0.15","1"
"Potenza_Viale_Firenze","CO","mg/m³","30/07/2022","04","0.12","1"
"Potenza_Viale_Firenze","CO","mg/m³","30/07/2022","05","0.13","1"
"Potenza_Viale_Firenze","CO","mg/m³","30/07/2022","06","0.17","1"
"Potenza_Viale_Firenze","CO","mg/m³","30/07/2022","07","0.19","1"
"Potenza_Viale_Firenze","CO","mg/m³","30/07/2022","08","0.19","1"
"Potenza_Viale_Firenze","CO","mg/m³","30/07/2022","09","0.21","1"
"Potenza_Viale_Firenze","CO","mg/m³","30/07/2022","10","0.23","1"
"Potenza_Viale_Firenze","CO","mg/m³","30/07/2022","11","0.22","1"
"Potenza_Viale_Firenze","CO","mg/m³","30/07/2022","12","0.22","1"
"Potenza_Viale_Firenze","CO","mg/m³","30/07/2022","13","0.19","1"
"Potenza_Viale_Firenze","CO","mg/m³","30/07/2022","14","0.18","1"
"Potenza_Viale_Firenze","CO","mg/m³","30/07/2022","15","0.15","-1"
"Potenza_Viale_Firenze","CO","mg/m³","30/07/2022","16","0.17","1"
"Potenza_Viale_Firenze","CO","mg/m³","30/07/2022","17","0.20","1"
"Potenza_Viale_Firenze","CO","mg/m³","30/07/2022","18","0.24","1"
"Potenza_Viale_Firenze","CO","mg/m³","30/07/2022","19","0.27","1"
"Potenza_Viale_Firenze","CO","mg/m³","30/07/2022","20","0.25","1"
"Potenza_Viale_Firenze","CO","mg/m³","30/07/2022","21","0.16","1"
"Potenza_Viale_Firenze","CO","mg/m³","30/07/2022","22","0.15","1"
"Potenza_Viale_Firenze","CO","mg/m³","30/07/2022","23","0.13","1"
"Potenza_Viale_Firenze","CO","mg/m³","30/07/2022","24","0.14","1"
"Potenza_Viale_Firenze","CO","mg/m³","31/07/2022","01","0.10","1"
"Potenza_Viale_Firenze","CO","mg/m³","31/07/2022","02","0.09","1"
"Potenza_Viale_Firenze","CO","mg/m³","31/07/2022","03","0.10","1"
"Potenza_Viale_Firenze","CO","mg/m³","31/07/2022","04","0.09","1"
"Potenza_Viale_Firenze","CO","mg/m³","31/07/2022","05","0.11","1"
"Potenza_Viale_Firenze","CO","mg/m³","31/07/2022","06","0.12","1"
"Potenza_Viale_Firenze","CO","mg/m³","31/07/2022","07","0.16","1"
"Potenza_Viale_Firenze","CO","mg/m³","31/07/2022","08","0.16","1"
"Potenza_Viale_Firenze","CO","mg/m³","31/07/2022","09","0.16","1"
"Potenza_Viale_Firenze","CO","mg/m³","31/07/2022","10","0.17","1"
"Potenza_Viale_Firenze","CO","mg/m³","31/07/2022","11","0.19","1"
"Potenza_Viale_Firenze","CO","mg/m³","31/07/2022","12","0.22","1"
"Potenza_Viale_Firenze","CO","mg/m³","31/07/2022","13","0.21","1"
"Potenza_Viale_Firenze","CO","mg/m³","31/07/2022","14","0.18","-1"
"Potenza_Viale_Firenze","CO","mg/m³","31/07/2022","15","0.15","1"
"Potenza_Viale_Firenze","CO","mg/m³","31/07/2022","16","0.15","1"
"Potenza_Viale_Firenze","CO","mg/m³","31/07/2022","17","0.15","1"
"Potenza_Viale_Firenze","CO","mg/m³","31/07/2022","18","0.22","1"
"Potenza_Viale_Firenze","CO","mg/m³","31/07/2022","19","0.25","1"
"Potenza_Viale_Firenze","CO","mg/m³","31/07/2022","20","0.25","1"
"Potenza_Viale_Firenze","CO","mg/m³","31/07/2022","21","0.27","1"
"Potenza_Viale_Firenze","CO","mg/m³","31/07/2022","22","0.25","1"
"Potenza_Viale_Firenze","CO","mg/m³","31/07/2022","23","0.28","1"
"Potenza_Viale_Firenze","CO","mg/m³","31/07/2022","24","0.27","1"
"Potenza_Viale_Firenze","CO","mg/m³","01/08/2022","01","0.24","1"
"Potenza_Viale_Firenze","CO","mg/m³","01/08/2022","02","0.22","1"
"Potenza_Viale_Firenze","CO","mg/m³","01/08/2022","03","0.18","1"
"Potenza_Viale_Firenze","CO","mg/m³","01/08/2022","04","0.16","1"
"Potenza_Viale_Firenze","CO","mg/m³","01/08/2022","05","0.17","1"
"Potenza_Viale_Firenze","CO","mg/m³","01/08/2022","06","0.24","1"
"Potenza_Viale_Firenze","CO","mg/m³","01/08/2022","07","0.28","1"
"Potenza_Viale_Firenze","CO","mg/m³","01/08/2022","08","0.28","1"
"Potenza_Viale_Firenze","CO","mg/m³","01/08/2022","09","-9999","-1"
"Potenza_Viale_Firenze","CO","mg/m³","01/08/2022","10","0.42","1"
"Potenza_Viale_Firenze","CO","mg/m³","01/08/2022","11","0.31","1"
"Potenza_Viale_Firenze","CO","mg/m³","01/08/2022","12","0.29","1"
"Potenza_Viale_Firenze","CO","mg/m³","01/08/2022","13","0.29","-1"
"Potenza_Viale_Firenze","CO","mg/m³","01/08/2022","14","0.25","1"
"Potenza_Viale_Firenze","CO","mg/m³","01/08/2022","15","0.23","1"
"Potenza_Viale_Firenze","CO","mg/m³","01/08/2022","16","0.22","1"
"Potenza_Viale_Firenze","CO","mg/m³","01/08/2022","17","0.26","1"
"Potenza_Viale_Firenze","CO","mg/m³","01/08/2022","18","0.30","1"
"Potenza_Viale_Firenze","CO","mg/m³","01/08/2022","19","0.41","1"
"Potenza_Viale_Firenze","CO","mg/m³","01/08/2022","20","0.33","1"
"Potenza_Viale_Firenze","CO","mg/m³","01/08/2022","21","0.28","1"
"Potenza_Viale_Firenze","CO","mg/m³","01/08/2022","22","0.24","1"
"Potenza_Viale_Firenze","CO","mg/m³","01/08/2022","23","0.26","1"
"Potenza_Viale_Firenze","CO","mg/m³","01/08/2022","24","0.32","1"
"Potenza_Viale_Firenze","CO","mg/m³","02/08/2022","01","0.29","1"
"Potenza_Viale_Firenze","CO","mg/m³","02/08/2022","02","0.26","1"
"Potenza_Viale_Firenze","CO","mg/m³","02/08/2022","03","0.23","1"
"Potenza_Viale_Firenze","CO","mg/m³","02/08/2022","04","0.19","1"
"Potenza_Viale_Firenze","CO","mg/m³","02/08/2022","05","0.19","1"
"Potenza_Viale_Firenze","CO","mg/m³","02/08/2022","06","0.23","1"
"Potenza_Viale_Firenze","CO","mg/m³","02/08/2022","07","0.42","1"
"Potenza_Viale_Firenze","CO","mg/m³","02/08/2022","08","0.49","1"
"Potenza_Viale_Firenze","CO","mg/m³","02/08/2022","09","0.36","1"
"Potenza_Viale_Firenze","CO","mg/m³","02/08/2022","10","0.32","1"
"Potenza_Viale_Firenze","CO","mg/m³","02/08/2022","11","0.30","1"
"Potenza_Viale_Firenze","CO","mg/m³","02/08/2022","12","0.32","-1"
"Potenza_Viale_Firenze","CO","mg/m³","02/08/2022","13","0.30","1"
"Potenza_Viale_Firenze","CO","mg/m³","02/08/2022","14","0.26","1"
"Potenza_Viale_Firenze","CO","mg/m³","02/08/2022","15","0.25","1"
"Potenza_Viale_Firenze","CO","mg/m³","02/08/2022","16","0.26","1"
"Potenza_Viale_Firenze","CO","mg/m³","02/08/2022","17","0.29","1"
"Potenza_Viale_Firenze","CO","mg/m³","02/08/2022","18","0.34","1"
"Potenza_Viale_Firenze","CO","mg/m³","02/08/2022","19","0.47","1"
"Potenza_Viale_Firenze","CO","mg/m³","02/08/2022","20","0.48","1"
"Potenza_Viale_Firenze","CO","mg/m³","02/08/2022","21","0.44","1"
"Potenza_Viale_Firenze","CO","mg/m³","02/08/2022","22","0.36","1"
"Potenza_Viale_Firenze","CO","mg/m³","02/08/2022","23","0.37","1"
"Potenza_Viale_Firenze","CO","mg/m³","02/08/2022","24","0.33","1"
"Potenza_Viale_Firenze","CO","mg/m³","03/08/2022","01","0.33","1"
"Potenza_Viale_Firenze","CO","mg/m³","03/08/2022","02","0.27","1"
"Potenza_Viale_Firenze","CO","mg/m³","03/08/2022","03","0.24","1"
"Potenza_Viale_Firenze","CO","mg/m³","03/08/2022","04","0.22","1"
"Potenza_Viale_Firenze","CO","mg/m³","03/08/2022","05","0.22","1"
"Potenza_Viale_Firenze","CO","mg/m³","03/08/2022","06","0.26","1"
"Potenza_Viale_Firenze","CO","mg/m³","03/08/2022","07","0.35","1"
"Potenza_Viale_Firenze","CO","mg/m³","03/08/2022","08","0.30","1"
"Potenza_Viale_Firenze","CO","mg/m³","03/08/2022","09","0.37","1"
"Potenza_Viale_Firenze","CO","mg/m³","03/08/2022","10","0.33","1"
"Potenza_Viale_Firenze","CO","mg/m³","03/08/2022","11","0.32","-1"
"Potenza_Viale_Firenze","CO","mg/m³","03/08/2022","12","0.30","1"
"Potenza_Viale_Firenze","CO","mg/m³","03/08/2022","13","0.36","1"
"Potenza_Viale_Firenze","CO","mg/m³","03/08/2022","14","0.30","1"
"Potenza_Viale_Firenze","CO","mg/m³","03/08/2022","15","0.26","1"
"Potenza_Viale_Firenze","CO","mg/m³","03/08/2022","16","0.29","1"
"Potenza_Viale_Firenze","CO","mg/m³","03/08/2022","17","0.30","1"
"Potenza_Viale_Firenze","CO","mg/m³","03/08/2022","18","0.35","1"
"Potenza_Viale_Firenze","CO","mg/m³","03/08/2022","19","0.38","1"
"Potenza_Viale_Firenze","CO","mg/m³","03/08/2022","20","0.47","1"
"Potenza_Viale_Firenze","CO","mg/m³","03/08/2022","21","0.30","1"
"Potenza_Viale_Firenze","CO","mg/m³","03/08/2022","22","0.34","1"
"Potenza_Viale_Firenze","CO","mg/m³","03/08/2022","23","0.37","1"
"Potenza_Viale_Firenze","CO","mg/m³","03/08/2022","24","0.38","1"
"Potenza_Viale_Firenze","CO","mg/m³","04/08/2022","01","0.34","1"
"Potenza_Viale_Firenze","CO","mg/m³","04/08/2022","02","0.29","1"
"Potenza_Viale_Firenze","CO","mg/m³","04/08/2022","03","0.25","1"
"Potenza_Viale_Firenze","CO","mg/m³","04/08/2022","04","0.24","1"
"Potenza_Viale_Firenze","CO","mg/m³","04/08/2022","05","0.23","1"
"Potenza_Viale_Firenze","CO","mg/m³","04/08/2022","06","0.26","1"
"Potenza_Viale_Firenze","CO","mg/m³","04/08/2022","07","0.32","1"
"Potenza_Viale_Firenze","CO","mg/m³","04/08/2022","08","0.42","1"
"Potenza_Viale_Firenze","CO","mg/m³","04/08/2022","09","0.38","1"
"Potenza_Viale_Firenze","CO","mg/m³","04/08/2022","10","0.33","-1"
"Potenza_Viale_Firenze","CO","mg/m³","04/08/2022","11","0.30","1"
"Potenza_Viale_Firenze","CO","mg/m³","04/08/2022","12","0.30","1"
"Potenza_Viale_Firenze","CO","mg/m³","04/08/2022","13","0.31","1"
"Potenza_Viale_Firenze","CO","mg/m³","04/08/2022","14","0.29","1"
"Potenza_Viale_Firenze","CO","mg/m³","04/08/2022","15","0.29","1"
"Potenza_Viale_Firenze","CO","mg/m³","04/08/2022","16","0.32","1"
"Potenza_Viale_Firenze","CO","mg/m³","04/08/2022","17","0.34","1"
"Potenza_Viale_Firenze","CO","mg/m³","04/08/2022","18","0.39","1"
"Potenza_Viale_Firenze","CO","mg/m³","04/08/2022","19","0.43","1"
"Potenza_Viale_Firenze","CO","mg/m³","04/08/2022","20","0.49","1"
"Potenza_Viale_Firenze","CO","mg/m³","04/08/2022","21","0.42","1"
"Potenza_Viale_Firenze","CO","mg/m³","04/08/2022","22","0.40","1"
"Potenza_Viale_Firenze","CO","mg/m³","04/08/2022","23","0.33","1"
"Potenza_Viale_Firenze","CO","mg/m³","04/08/2022","24","0.34","1"
"Potenza_Viale_Firenze","CO","mg/m³","05/08/2022","01","0.34","1"
"Potenza_Viale_Firenze","CO","mg/m³","05/08/2022","02","0.30","1"
"Potenza_Viale_Firenze","CO","mg/m³","05/08/2022","03","0.27","1"
"Potenza_Viale_Firenze","CO","mg/m³","05/08/2022","04","0.24","1"
"Potenza_Viale_Firenze","CO","mg/m³","05/08/2022","05","0.25","1"
"Potenza_Viale_Firenze","CO","mg/m³","05/08/2022","06","0.34","1"
"Potenza_Viale_Firenze","CO","mg/m³","05/08/2022","07","0.55","1"
"Potenza_Viale_Firenze","CO","mg/m³","05/08/2022","08","0.67","1"
"Potenza_Viale_Firenze","CO","mg/m³","05/08/2022","09","0.47","-1"
"Potenza_Viale_Firenze","CO","mg/m³","05/08/2022","10","0.38","1"
"Potenza_Viale_Firenze","CO","mg/m³","05/08/2022","11","0.36","1"
"Potenza_Viale_Firenze","CO","mg/m³","05/08/2022","12","0.32","1"
"Potenza_Viale_Firenze","CO","mg/m³","05/08/2022","13","0.33","1"
"Potenza_Viale_Firenze","CO","mg/m³","05/08/2022","14","0.29","1"
"Potenza_Viale_Firenze","CO","mg/m³","05/08/2022","15","0.29","1"
"Potenza_Viale_Firenze","CO","mg/m³","05/08/2022","16","0.29","1"
"Potenza_Viale_Firenze","CO","mg/m³","05/08/2022","17","0.35","1"
"Potenza_Viale_Firenze","CO","mg/m³","05/08/2022","18","0.36","1"
"Potenza_Viale_Firenze","CO","mg/m³","05/08/2022","19","0.38","1"
"Potenza_Viale_Firenze","CO","mg/m³","05/08/2022","20","0.31","1"
"Potenza_Viale_Firenze","CO","mg/m³","05/08/2022","21","0.29","1"
"Potenza_Viale_Firenze","CO","mg/m³","05/08/2022","22","0.25","1"
"Potenza_Viale_Firenze","CO","mg/m³","05/08/2022","23","0.26","1"
"Potenza_Viale_Firenze","CO","mg/m³","05/08/2022","24","0.29","1"
"Potenza_Viale_Firenze","CO","mg/m³","06/08/2022","01","0.28","1"
"Potenza_Viale_Firenze","CO","mg/m³","06/08/2022","02","0.25","1"
"Potenza_Viale_Firenze","CO","mg/m³","06/08/2022","03","0.23","1"
"Potenza_Viale_Firenze","CO","mg/m³","06/08/2022","04","0.20","1"
"Potenza_Viale_Firenze","CO","mg/m³","06/08/2022","05","0.23","1"
"Potenza_Viale_Firenze","CO","mg/m³","06/08/2022","06","0.25","1"
"Potenza_Viale_Firenze","CO","mg/m³","06/08/2022","07","0.26","1"
"Potenza_Viale_Firenze","CO","mg/m³","06/08/2022","08","0.25","-1"
"Potenza_Viale_Firenze","CO","mg/m³","06/08/2022","09","0.28","1"
"Potenza_Viale_Firenze","CO","mg/m³","06/08/2022","10","0.32","1"
"Potenza_Viale_Firenze","CO","mg/m³","06/08/2022","11","0.31","1"
"Potenza_Viale_Firenze","CO","mg/m³","06/08/2022","12","0.34","1"
"Potenza_Viale_Firenze","CO","mg/m³","06/08/2022","13","0.32","1"
"Potenza_Viale_Firenze","CO","mg/m³","06/08/2022","14","0.29","1"
"Potenza_Viale_Firenze","CO","mg/m³","06/08/2022","15","0.25","1"
"Potenza_Viale_Firenze","CO","mg/m³","06/08/2022","16","0.25","1"
"Potenza_Viale_Firenze","CO","mg/m³","06/08/2022","17","0.30","1"
"Potenza_Viale_Firenze","CO","mg/m³","06/08/2022","18","0.34","1"
"Potenza_Viale_Firenze","CO","mg/m³","06/08/2022","19","0.27","1"
"Potenza_Viale_Firenze","CO","mg/m³","06/08/2022","20","0.30","1"
"Potenza_Viale_Firenze","CO","mg/m³","06/08/2022","21","0.30","1"
"Potenza_Viale_Firenze","CO","mg/m³","06/08/2022","22","0.30","1"
"Potenza_Viale_Firenze","CO","mg/m³","06/08/2022","23","0.37","1"
"Potenza_Viale_Firenze","CO","mg/m³","06/08/2022","24","0.36","1"
"Potenza_Viale_Firenze","CO","mg/m³","07/08/2022","01","0.33","1"
"Potenza_Viale_Firenze","CO","mg/m³","07/08/2022","02","0.31","1"
"Potenza_Viale_Firenze","CO","mg/m³","07/08/2022","03","0.29","1"
"Potenza_Viale_Firenze","CO","mg/m³","07/08/2022","04","0.27","1"
"Potenza_Viale_Firenze","CO","mg/m³","07/08/2022","05","0.26","1"
"Potenza_Viale_Firenze","CO","mg/m³","07/08/2022","06","0.24","1"
"Potenza_Viale_Firenze","CO","mg/m³","07/08/2022","07","0.29","-1"
"Potenza_Viale_Firenze","CO","mg/m³","07/08/2022","08","0.27","1"
"Potenza_Viale_Firenze","CO","mg/m³","07/08/2022","09","0.25","1"
"Potenza_Viale_Firenze","CO","mg/m³","07/08/2022","10","0.29","1"
"Potenza_Viale_Firenze","CO","mg/m³","07/08/2022","11","0.33","1"
"Potenza_Viale_Firenze","CO","mg/m³","07/08/2022","12","0.38","1"
"Potenza_Viale_Firenze","CO","mg/m³","07/08/2022","13","0.39","1"
"Potenza_Viale_Firenze","CO","mg/m³","07/08/2022","14","0.35","1"
"Potenza_Viale_Firenze","CO","mg/m³","07/08/2022","15","0.30","1"
"Potenza_Viale_Firenze","CO","mg/m³","07/08/2022","16","0.29","1"
"Potenza_Viale_Firenze","CO","mg/m³","07/08/2022","17","0.31","1"
"Potenza_Viale_Firenze","CO","mg/m³","07/08/2022","18","0.35","1"
"Potenza_Viale_Firenze","CO","mg/m³","07/08/2022","19","0.38","1"
"Potenza_Viale_Firenze","CO","mg/m³","07/08/2022","20","0.39","1"
"Potenza_Viale_Firenze","CO","mg/m³","07/08/2022","21","0.32","1"
"Potenza_Viale_Firenze","CO","mg/m³","07/08/2022","22","0.30","1"
"Potenza_Viale_Firenze","CO","mg/m³","07/08/2022","23","0.35","1"
"Potenza_Viale_Firenze","CO","mg/m³","07/08/2022","24","0.32","1"
"Potenza_Viale_Firenze","CO","mg/m³","08/08/2022","01","0.31","1"
"Potenza_Viale_Firenze","CO","mg/m³","08/08/2022","02","0.29","1"
"Potenza_Viale_Firenze","CO","mg/m³","08/08/2022","03","0.27","1"
"Potenza_Viale_Firenze","CO","mg/m³","08/08/2022","04","0.26","1"
"Potenza_Viale_Firenze","CO","mg/m³","08/08/2022","05","0.26","1"
"Potenza_Viale_Firenze","CO","mg/m³","08/08/2022","06","0.32","-1"
"Potenza_Viale_Firenze","CO","mg/m³","08/08/2022","07","0.39","1"
"Potenza_Viale_Firenze","CO","mg/m³","08/08/2022","08","0.47","1"
"Potenza_Viale_Firenze","CO","mg/m³","08/08/2022","09","0.53","1"
"Potenza_Viale_Firenze","CO","mg/m³","08/08/2022","10","0.39","1"
"Potenza_Viale_Firenze","CO","mg/m³","08/08/2022","11","0.40","1"
"Potenza_Viale_Firenze","CO","mg/m³","08/08/2022","12","0.40","1"
"Potenza_Viale_Firenze","CO","mg/m³","08/08/2022","13","0.43","1"
"Potenza_Viale_Firenze","CO","mg/m³","08/08/2022","14","0.41","1"
"Potenza_Viale_Firenze","CO","mg/m³","08/08/2022","15","0.33","1"
"Potenza_Viale_Firenze","CO","mg/m³","08/08/2022","16","0.33","1"
"Potenza_Viale_Firenze","CO","mg/m³","08/08/2022","17","0.33","1"
"Potenza_Viale_Firenze","CO","mg/m³","08/08/2022","18","0.34","1"
"Potenza_Viale_Firenze","CO","mg/m³","08/08/2022","19","0.33","1"
"Potenza_Viale_Firenze","CO","mg/m³","08/08/2022","20","0.60","1"
"Potenza_Viale_Firenze","CO","mg/m³","08/08/2022","21","0.41","1"
"Potenza_Viale_Firenze","CO","mg/m³","08/08/2022","22","0.34","1"
"Potenza_Viale_Firenze","CO","mg/m³","08/08/2022","23","0.29","1"
"Potenza_Viale_Firenze","CO","mg/m³","08/08/2022","24","0.26","1"
"Potenza_Viale_Firenze","CO","mg/m³","09/08/2022","01","0.24","1"
"Potenza_Viale_Firenze","CO","mg/m³","09/08/2022","02","0.23","1"
"Potenza_Viale_Firenze","CO","mg/m³","09/08/2022","03","0.24","1"
"Potenza_Viale_Firenze","CO","mg/m³","09/08/2022","04","0.22","1"
"Potenza_Viale_Firenze","CO","mg/m³","09/08/2022","05","0.23","-1"
"Potenza_Viale_Firenze","CO","mg/m³","09/08/2022","06","0.25","1"
"Potenza_Viale_Firenze","CO","mg/m³","09/08/2022","07","0.31","1"
"Potenza_Viale_Firenze","CO","mg/m³","09/08/2022","08","0.41","1"
"Potenza_Viale_Firenze","CO","mg/m³","09/08/2022","09","0.39","1"
"Potenza_Viale_Firenze","CO","mg/m³","09/08/2022","10","0.35","1"
"Potenza_Viale_Firenze","CO","mg/m³","09/08/2022","11","0.40","1"
"Potenza_Viale_Firenze","CO","mg/m³","09/08/2022","12","0.41","1"
"Potenza_Viale_Firenze","CO","mg/m³","09/08/2022","13","0.38","1"
"Potenza_Viale_Firenze","CO","mg/m³","09/08/2022","14","0.31","1"
"Potenza_Viale_Firenze","CO","mg/m³","09/08/2022","15","0.29","1"
"Potenza_Viale_Firenze","CO","mg/m³","09/08/2022","16","0.26","1"
"Potenza_Viale_Firenze","CO","mg/m³","09/08/2022","17","0.29","1"
"Potenza_Viale_Firenze","CO","mg/m³","09/08/2022","18","0.33","1"
"Potenza_Viale_Firenze","CO","mg/m³","09/08/2022","19","0.40","1"
"Potenza_Viale_Firenze","CO","mg/m³","09/08/2022","20","0.44","1"
"Potenza_Viale_Firenze","CO","mg/m³","09/08/2022","21","0.38","1"
"Potenza_Viale_Firenze","CO","mg/m³","09/08/2022","22","0.42","1"
"Potenza_Viale_Firenze","CO","mg/m³","09/08/2022","23","0.39","1"
"Potenza_Viale_Firenze","CO","mg/m³","09/08/2022","24","0.38","1"
"Potenza_Viale_Firenze","CO","mg/m³","10/08/2022","01","0.35","1"
"Potenza_Viale_Firenze","CO","mg/m³","10/08/2022","02","0.31","1"
"Potenza_Viale_Firenze","CO","mg/m³","10/08/2022","03","0.27","1"
"Potenza_Viale_Firenze","CO","mg/m³","10/08/2022","04","0.29","-1"
"Potenza_Viale_Firenze","CO","mg/m³","10/08/2022","05","0.31","1"
"Potenza_Viale_Firenze","CO","mg/m³","10/08/2022","06","0.35","1"
"Potenza_Viale_Firenze","CO","mg/m³","10/08/2022","07","0.44","1"
"Potenza_Viale_Firenze","CO","mg/m³","10/08/2022","08","0.52","1"
"Potenza_Viale_Firenze","CO","mg/m³","10/08/2022","09","0.50","1"
"Potenza_Viale_Firenze","CO","mg/m³","10/08/2022","10","0.41","1"
"Potenza_Viale_Firenze","CO","mg/m³","10/08/2022","11","0.42","1"
"Potenza_Viale_Firenze","CO","mg/m³","10/08/2022","12","0.41","1"
"Potenza_Viale_Firenze","CO","mg/m³","10/08/2022","13","0.38","1"
"Potenza_Viale_Firenze","CO","mg/m³","10/08/2022","14","0.34","1"
"Potenza_Viale_Firenze","CO","mg/m³","10/08/2022","15","0.31","1"
"Potenza_Viale_Firenze","CO","mg/m³","10/08/2022","16","0.29","1"
"Potenza_Viale_Firenze","CO","mg/m³","10/08/2022","17","0.30","1"
"Potenza_Viale_Firenze","CO","mg/m³","10/08/2022","18","0.29","1"
"Potenza_Viale_Firenze","CO","mg/m³","10/08/2022","19","0.39","1"
"Potenza_Viale_Firenze","CO","mg/m³","10/08/2022","20","0.49","1"
"Potenza_Viale_Firenze","CO","mg/m³","10/08/2022","21","0.43","1"
"Potenza_Viale_Firenze","CO","mg/m³","10/08/2022","22","0.39","1"
"Potenza_Viale_Firenze","CO","mg/m³","10/08/2022","23","0.34","1"
"Potenza_Viale_Firenze","CO","mg/m³","10/08/2022","24","0.33","1"
"Potenza_Viale_Firenze","CO","mg/m³","11/08/2022","01","0.31","1"
"Potenza_Viale_Firenze","CO","mg/m³","11/08/2022","02","0.30","1"
"Potenza_Viale_Firenze","CO","mg/m³","11/08/2022","03","0.28","-1"
"Potenza_Viale_Firenze","CO","mg/m³","11/08/2022","04","0.28","1"
"Potenza_Viale_Firenze","CO","mg/m³","11/08/2022","05","0.28","1"
"Potenza_Viale_Firenze","CO","mg/m³","11/08/2022","06","0.33","1"
"Potenza_Viale_Firenze","CO","mg/m³","11/08/2022","07","0.47","1"
"Potenza_Viale_Firenze","CO","mg/m³","11/08/2022","08","0.44","1"
"Potenza_Viale_Firenze","CO","mg/m³","11/08/2022","09","0.41","1"
"Potenza_Viale_Firenze","CO","mg/m³","11/08/2022","10","0.39","1"
"Potenza_Viale_Firenze","CO","mg/m³","11/08/2022","11","0.37","1"
"Potenza_Viale_Firenze","CO","mg/m³","11/08/2022","12","0.37","1"
"Potenza_Viale_Firenze","CO","mg/m³","11/08/2022","13","0.32","1"
"Potenza_Viale_Firenze","CO","mg/m³","11/08/2022","14","0.32","1"
"Potenza_Viale_Firenze","CO","mg/m³","11/08/2022","15","0.30","1"
"Potenza_Viale_Firenze","CO","mg/m³","11/08/2022","16","0.38","1"
"Potenza_Viale_Firenze","CO","mg/m³","11/08/2022","17","0.33","1"
"Potenza_Viale_Firenze","CO","mg/m³","11/08/2022","18","0.31","1"
"Potenza_Viale_Firenze","CO","mg/m³","11/08/2022","19","0.35","1"
"Potenza_Viale_Firenze","CO","mg/m³","11/08/2022","20","0.36","1"
"Potenza_Viale_Firenze","CO","mg/m³","11/08/2022","21","0.34","1"
"Potenza_Viale_Firenze","CO","mg/m³","11/08/2022","22","0.31","1"
"Potenza_Viale_Firenze","CO","mg/m³","11/08/2022","23","0.28","1"
"Potenza_Viale_Firenze","CO","mg/m³","11/08/2022","24","0.28","1"
"Potenza_Viale_Firenze","CO","mg/m³","12/08/2022","01","0.32","1"
"Potenza_Viale_Firenze","CO","mg/m³","12/08/2022","02","0.30","-1"
"Potenza_Viale_Firenze","CO","mg/m³","12/08/2022","03","0.27","1"
"Potenza_Viale_Firenze","CO","mg/m³","12/08/2022","04","0.24","1"
"Potenza_Viale_Firenze","CO","mg/m³","12/08/2022","05","0.25","1"
"Potenza_Viale_Firenze","CO","mg/m³","12/08/2022","06","0.31","1"
"Potenza_Viale_Firenze","CO","mg/m³","12/08/2022","07","0.40","1"
"Potenza_Viale_Firenze","CO","mg/m³","12/08/2022","08","0.85","1"
"Potenza_Viale_Firenze","CO","mg/m³","12/08/2022","09","0.68","1"
"Potenza_Viale_Firenze","CO","mg/m³","12/08/2022","10","0.54","1"
"Potenza_Viale_Firenze","CO","mg/m³","12/08/2022","11","0.50","1"
"Potenza_Viale_Firenze","CO","mg/m³","12/08/2022","12","0.41","1"
"Potenza_Viale_Firenze","CO","mg/m³","12/08/2022","13","0.40","1"
"Potenza_Viale_Firenze","CO","mg/m³","12/08/2022","14","0.36","1"
"Potenza_Viale_Firenze","CO","mg/m³","12/08/2022","15","0.33","1"
"Potenza_Viale_Firenze","CO","mg/m³","12/08/2022","16","0.33","1"
"Potenza_Viale_Firenze","CO","mg/m³","12/08/2022","17","0.39","1"
"Potenza_Viale_Firenze","CO","mg/m³","12/08/2022","18","0.42","1"
"Potenza_Viale_Firenze","CO","mg/m³","12/08/2022","19","0.38","1"
"Potenza_Viale_Firenze","CO","mg/m³","12/08/2022","20","0.42","1"
"Potenza_Viale_Firenze","CO","mg/m³","12/08/2022","21","0.40","1"
"Potenza_Viale_Firenze","CO","mg/m³","12/08/2022","22","0.38","1"
"Potenza_Viale_Firenze","CO","mg/m³","12/08/2022","23","0.36","1"
"Potenza_Viale_Firenze","CO","mg/m³","12/08/2022","24","0.36","1"
"Potenza_Viale_Firenze","CO","mg/m³","13/08/2022","01","0.36","-1"
"Potenza_Viale_Firenze","CO","mg/m³","13/08/2022","02","0.29","1"
"Potenza_Viale_Firenze","CO","mg/m³","13/08/2022","03","0.25","1"
"Potenza_Viale_Firenze","CO","mg/m³","13/08/2022","04","0.22","1"
"Potenza_Viale_Firenze","CO","mg/m³","13/08/2022","05","0.24","1"
"Potenza_Viale_Firenze","CO","mg/m³","13/08/2022","06","0.33","1"
"Potenza_Viale_Firenze","CO","mg/m³","13/08/2022","07","0.36","1"
"Potenza_Viale_Firenze","CO","mg/m³","13/08/2022","08","0.36","1"
"Potenza_Viale_Firenze","CO","mg/m³","13/08/2022","09","0.35","1"
"Potenza_Viale_Firenze","CO","mg/m³","13/08/2022","10","0.39","1"
"Potenza_Viale_Firenze","CO","mg/m³","13/08/2022","11","0.36","1"
"Potenza_Viale_Firenze","CO","mg/m³","13/08/2022","12","0.34","1"
"Potenza_Viale_Firenze","CO","mg/m³","13/08/2022","13","0.31","1"
"Potenza_Viale_Firenze","CO","mg/m³","13/08/2022","14","0.27","1"
"Potenza_Viale_Firenze","CO","mg/m³","13/08/2022","15","0.26","1"
"Potenza_Viale_Firenze","CO","mg/m³","13/08/2022","16","0.29","1"
"Potenza_Viale_Firenze","CO","mg/m³","13/08/2022","17","0.30","1"
"Potenza_Viale_Firenze","CO","mg/m³","13/08/2022","18","0.33","1"
"Potenza_Viale_Firenze","CO","mg/m³","13/08/2022","19","0.33","1"
"Potenza_Viale_Firenze","CO","mg/m³","13/08/2022","20","0.34","1"
"Potenza_Viale_Firenze","CO","mg/m³","13/08/2022","21","0.38","1"
"Potenza_Viale_Firenze","CO","mg/m³","13/08/2022","22","0.36","1"
"Potenza_Viale_Firenze","CO","mg/m³","13/08/2022","23","0.34","1"
"Potenza_Viale_Firenze","CO","mg/m³","13/08/2022","24","0.31","-1"
"Potenza_Viale_Firenze","CO","mg/m³","14/08/2022","01","0.27","1"
"Potenza_Viale_Firenze","CO","mg/m³","14/08/2022","02","0.24","1"
"Potenza_Viale_Firenze","CO","mg/m³","14/08/2022","03","0.19","1"
"Potenza_Viale_Firenze","CO","mg/m³","14/08/2022","04","0.19","1"
"Potenza_Viale_Firenze","CO","mg/m³","14/08/2022","05","0.19","1"
"Potenza_Viale_Firenze","CO","mg/m³","14/08/2022","06","0.22","1"
"Potenza_Viale_Firenze","CO","mg/m³","14/08/2022","07","0.22","1"
"Potenza_Viale_Firenze","CO","mg/m³","14/08/2022","08","0.25","1"
"Potenza_Viale_Firenze","CO","mg/m³","14/08/2022","09","0.25","1"
"Potenza_Viale_Firenze","CO","mg/m³","14/08/2022","10","0.22","1"
"Potenza_Viale_Firenze","CO","mg/m³","14/08/2022","11","0.24","1"
"Potenza_Viale_Firenze","CO","mg/m³","14/08/2022","12","0.26","1"
"Potenza_Viale_Firenze","CO","mg/m³","14/08/2022","13","0.27","1"
"Potenza_Viale_Firenze","CO","mg/m³","14/08/2022","14","0.25","1"
"Potenza_Viale_Firenze","CO","mg/m³","14/08/2022","15","0.22","1"
"Potenza_Viale_Firenze","CO","mg/m³","14/08/2022","16","0.23","1"
"Potenza_Viale_Firenze","CO","mg/m³","14/08/2022","17","0.24","1"
"Potenza_Viale_Firenze","CO","mg/m³","14/08/2022","18","0.25","1"
"Potenza_Viale_Firenze","CO","mg/m³","14/08/2022","19","0.29","1"
"Potenza_Viale_Firenze","CO","mg/m³","14/08/2022","20","0.43","1"
"Potenza_Viale_Firenze","CO","mg/m³","14/08/2022","21","0.45","1"
"Potenza_Viale_Firenze","CO","mg/m³","14/08/2022","22","0.44","1"
"Potenza_Viale_Firenze","CO","mg/m³","14/08/2022","23","0.37","-1"
"Potenza_Viale_Firenze","CO","mg/m³","14/08/2022","24","0.33","1"
"Potenza_Viale_Firenze","CO","mg/m³","15/08/2022","01","0.29","1"
"Potenza_Viale_Firenze","CO","mg/m³","15/08/2022","02","0.27","1"
"Potenza_Viale_Firenze","CO","mg/m³","15/08/2022","03","0.25","1"
"Potenza_Viale_Firenze","CO","mg/m³","15/08/2022","04","0.24","1"
"Potenza_Viale_Firenze","CO","mg/m³","15/08/2022","05","0.23","1"
"Potenza_Viale_Firenze","CO","mg/m³","15/08/2022","06","0.24","1"
"Potenza_Viale_Firenze","CO","mg/m³","15/08/2022","07","0.27","1"
"Potenza_Viale_Firenze","CO","mg/m³","15/08/2022","08","0.25","1"
"Potenza_Viale_Firenze","CO","mg/m³","15/08/2022","09","0.25","1"
"Potenza_Viale_Firenze","CO","mg/m³","15/08/2022","10","0.25","1"
"Potenza_Viale_Firenze","CO","mg/m³","15/08/2022","11","0.27","1"
"Potenza_Viale_Firenze","CO","mg/m³","15/08/2022","12","0.28","1"
"Potenza_Viale_Firenze","CO","mg/m³","15/08/2022","13","0.27","1"
"Potenza_Viale_Firenze","CO","mg/m³","15/08/2022","14","0.24","1"
"Potenza_Viale_Firenze","CO","mg/m³","15/08/2022","15","0.23","1"
"Potenza_Viale_Firenze","CO","mg/m³","15/08/2022","16","0.23","1"
"Potenza_Viale_Firenze","CO","mg/m³","15/08/2022","17","0.25","1"
"Potenza_Viale_Firenze","CO","mg/m³","15/08/2022","18","0.26","1"
"Potenza_Viale_Firenze","CO","mg/m³","15/08/2022","19","0.32","1"
"Potenza_Viale_Firenze","CO","mg/m³","15/08/2022","20","0.37","1"
"Potenza_Viale_Firenze","CO","mg/m³","15/08/2022","21","0.41","1"
"Potenza_Viale_Firenze","CO","mg/m³","15/08/2022","22","0.32","-1"
"Potenza_Viale_Firenze","CO","mg/m³","15/08/2022","23","0.37","1"
"Potenza_Viale_Firenze","CO","mg/m³","15/08/2022","24","0.34","1"
"Potenza_Viale_Firenze","CO","mg/m³","16/08/2022","01","0.34","1"
"Potenza_Viale_Firenze","CO","mg/m³","16/08/2022","02","0.27","1"
"Potenza_Viale_Firenze","CO","mg/m³","16/08/2022","03","0.23","1"
"Potenza_Viale_Firenze","CO","mg/m³","16/08/2022","04","0.20","1"
"Potenza_Viale_Firenze","CO","mg/m³","16/08/2022","05","0.16","1"
"Potenza_Viale_Firenze","CO","mg/m³","16/08/2022","06","0.20","1"
"Potenza_Viale_Firenze","CO","mg/m³","16/08/2022","07","0.24","1"
"Potenza_Viale_Firenze","CO","mg/m³","16/08/2022","08","0.31","1"
"Potenza_Viale_Firenze","CO","mg/m³","16/08/2022","09","0.40","1"
"Potenza_Viale_Firenze","CO","mg/m³","16/08/2022","10","0.42","1"
"Potenza_Viale_Firenze","CO","mg/m³","16/08/2022","11","0.36","1"
"Potenza_Viale_Firenze","CO","mg/m³","16/08/2022","12","0.35","1"
"Potenza_Viale_Firenze","CO","mg/m³","16/08/2022","13","0.30","1"
"Potenza_Viale_Firenze","CO","mg/m³","16/08/2022","14","0.26","1"
"Potenza_Viale_Firenze","CO","mg/m³","16/08/2022","15","0.23","1"
"Potenza_Viale_Firenze","CO","mg/m³","16/08/2022","16","0.25","1"
"Potenza_Viale_Firenze","CO","mg/m³","16/08/2022","17","0.27","1"
"Potenza_Viale_Firenze","CO","mg/m³","16/08/2022","18","0.27","1"
"Potenza_Viale_Firenze","CO","mg/m³","16/08/2022","19","0.34","1"
"Potenza_Viale_Firenze","CO","mg/m³","16/08/2022","20","0.33","1"
"Potenza_Viale_Firenze","CO","mg/m³","16/08/2022","21","0.33","-1"
"Potenza_Viale_Firenze","CO","mg/m³","16/08/2022","22","0.34","1"
"Potenza_Viale_Firenze","CO","mg/m³","16/08/2022","23","0.25","1"
"Potenza_Viale_Firenze","CO","mg/m³","16/08/2022","24","0.29","1"
"Potenza_Viale_Firenze","CO","mg/m³","17/08/2022","01","0.24","1"
"Potenza_Viale_Firenze","CO","mg/m³","17/08/2022","02","0.23","1"
"Potenza_Viale_Firenze","CO","mg/m³","17/08/2022","03","0.25","1"
"Potenza_Viale_Firenze","CO","mg/m³","17/08/2022","04","0.22","1"
"Potenza_Viale_Firenze","CO","mg/m³","17/08/2022","05","0.21","1"
"Potenza_Viale_Firenze","CO","mg/m³","17/08/2022","06","0.22","1"
"Potenza_Viale_Firenze","CO","mg/m³","17/08/2022","07","0.28","1"
"Potenza_Viale_Firenze","CO","mg/m³","17/08/2022","08","0.29","1"
"Potenza_Viale_Firenze","CO","mg/m³","17/08/2022","09","0.28","1"
"Potenza_Viale_Firenze","CO","mg/m³","17/08/2022","10","0.27","1"
"Potenza_Viale_Firenze","CO","mg/m³","17/08/2022","11","0.31","1"
"Potenza_Viale_Firenze","CO","mg/m³","17/08/2022","12","0.28","1"
"Potenza_Viale_Firenze","CO","mg/m³","17/08/2022","13","0.30","1"
"Potenza_Viale_Firenze","CO","mg/m³","17/08/2022","14","0.27","1"
"Potenza_Viale_Firenze","CO","mg/m³","17/08/2022","15","0.26","1"
"Potenza_Viale_Firenze","CO","mg/m³","17/08/2022","16","0.24","1"
"Potenza_Viale_Firenze","CO","mg/m³","17/08/2022","17","0.29","1"
"Potenza_Viale_Firenze","CO","mg/m³","17/08/2022","18","0.38","1"
"Potenza_Viale_Firenze","CO","mg/m³","17/08/2022","19","0.54","1"
"Potenza_Viale_Firenze","CO","mg/m³","17/08/2022","20","0.70","-1"
"Potenza_Viale_Firenze","CO","mg/m³","17/08/2022","21","0.56","1"
"Potenza_Viale_Firenze","CO","mg/m³","17/08/2022","22","0.43","1"
"Potenza_Viale_Firenze","CO","mg/m³","17/08/2022","23","0.33","1"
"Potenza_Viale_Firenze","CO","mg/m³","17/08/2022","24","0.36","1"
"Potenza_Viale_Firenze","CO","mg/m³","18/08/2022","01","0.35","1"
"Potenza_Viale_Firenze","CO","mg/m³","18/08/2022","02","0.33","1"
"Potenza_Viale_Firenze","CO","mg/m³","18/08/2022","03","0.30","1"
"Potenza_Viale_Firenze","CO","mg/m³","18/08/2022","04","0.26","1"
"Potenza_Viale_Firenze","CO","mg/m³","18/08/2022","05","0.24","1"
"Potenza_Viale_Firenze","CO","mg/m³","18/08/2022","06","0.27","1"
"Potenza_Viale_Firenze","CO","mg/m³","18/08/2022","07","0.36","1"
"Potenza_Viale_Firenze","CO","mg/m³","18/08/2022","08","0.44","1"
"Potenza_Viale_Firenze","CO","mg/m³","18/08/2022","09","0.50","1"
"Potenza_Viale_Firenze","CO","mg/m³","18/08/2022","10","0.39","1"
"Potenza_Viale_Firenze","CO","mg/m³","18/08/2022","11","0.39","1"
"Potenza_Viale_Firenze","CO","mg/m³","18/08/2022","12","0.36","1"
"Potenza_Viale_Firenze","CO","mg/m³","18/08/2022","13","0.36","1"
"Potenza_Viale_Firenze","CO","mg/m³","18/08/2022","14","0.31","1"
"Potenza_Viale_Firenze","CO","mg/m³","18/08/2022","15","0.30","1"
"Potenza_Viale_Firenze","CO","mg/m³","18/08/2022","16","0.31","1"
"Potenza_Viale_Firenze","CO","mg/m³","18/08/2022","17","0.38","1"
"Potenza_Viale_Firenze","CO","mg/m³","18/08/2022","18","0.71","1"
"Potenza_Viale_Firenze","CO","mg/m³","18/08/2022","19","0.84","-1"
"Potenza_Viale_Firenze","CO","mg/m³","18/08/2022","20","0.86","1"
"Potenza_Viale_Firenze","CO","mg/m³","18/08/2022","21","0.67","1"
"Potenza_Viale_Firenze","CO","mg/m³","18/08/2022","22","0.53","1"
"Potenza_Viale_Firenze","CO","mg/m³","18/08/2022","23","0.49","1"
"Potenza_Viale_Firenze","CO","mg/m³","18/08/2022","24","0.53","1"
"Potenza_Viale_Firenze","CO","mg/m³","19/08/2022","01","0.46","1"
"Potenza_Viale_Firenze","CO","mg/m³","19/08/2022","02","0.41","1"
"Potenza_Viale_Firenze","CO","mg/m³","19/08/2022","03","0.36","1"
"Potenza_Viale_Firenze","CO","mg/m³","19/08/2022","04","0.29","1"
"Potenza_Viale_Firenze","CO","mg/m³","19/08/2022","05","0.25","1"
"Potenza_Viale_Firenze","CO","mg/m³","19/08/2022","06","0.27","1"
"Potenza_Viale_Firenze","CO","mg/m³","19/08/2022","07","0.39","1"
"Potenza_Viale_Firenze","CO","mg/m³","19/08/2022","08","0.37","1"
"Potenza_Viale_Firenze","CO","mg/m³","19/08/2022","09","0.41","1"
"Potenza_Viale_Firenze","CO","mg/m³","19/08/2022","10","0.39","1"
"Potenza_Viale_Firenze","CO","mg/m³","19/08/2022","11","0.42","1"
"Potenza_Viale_Firenze","CO","mg/m³","19/08/2022","12","0.41","1"
"Potenza_Viale_Firenze","CO","mg/m³","19/08/2022","13","0.38","1"
"Potenza_Viale_Firenze","CO","mg/m³","19/08/2022","14","0.32","1"
"Potenza_Viale_Firenze","CO","mg/m³","19/08/2022","15","0.28","1"
"Potenza_Viale_Firenze","CO","mg/m³","19/08/2022","16","0.28","1"
"Potenza_Viale_Firenze","CO","mg/m³","19/08/2022","17","0.31","1"
"Potenza_Viale_Firenze","CO","mg/m³","19/08/2022","18","0.35","-1"
"Potenza_Viale_Firenze","CO","mg/m³","19/08/2022","19","0.36","1"
"Potenza_Viale_Firenze","CO","mg/m³","19/08/2022","20","0.35","1"
"Potenza_Viale_Firenze","CO","mg/m³","19/08/2022","21","0.32","1"
"Potenza_Viale_Firenze","CO","mg/m³","19/08/2022","22","0.30","1"
"Potenza_Viale_Firenze","CO","mg/m³","19/08/2022","23","0.29","1"
"Potenza_Viale_Firenze","CO","mg/m³","19/08/2022","24","0.27","1"
"Potenza_Viale_Firenze","CO","mg/m³","20/08/2022","01","0.26","1"
"Potenza_Viale_Firenze","CO","mg/m³","20/08/2022","02","0.26","1"
"Potenza_Viale_Firenze","CO","mg/m³","20/08/2022","03","0.26","1"
"Potenza_Viale_Firenze","CO","mg/m³","20/08/2022","04","0.24","1"
"Potenza_Viale_Firenze","CO","mg/m³","20/08/2022","05","0.24","1"
"Potenza_Viale_Firenze","CO","mg/m³","20/08/2022","06","0.26","1"
"Potenza_Viale_Firenze","CO","mg/m³","20/08/2022","07","0.30","1"
"Potenza_Viale_Firenze","CO","mg/m³","20/08/2022","08","0.34","1"
"Potenza_Viale_Firenze","CO","mg/m³","20/08/2022","09","0.34","1"
"Potenza_Viale_Firenze","CO","mg/m³","20/08/2022","10","0.36","1"
"Potenza_Viale_Firenze","CO","mg/m³","20/08/2022","11","0.36","1"
"Potenza_Viale_Firenze","CO","mg/m³","20/08/2022","12","0.36","1"
"Potenza_Viale_Firenze","CO","mg/m³","20/08/2022","13","0.37","1"
"Potenza_Viale_Firenze","CO","mg/m³","20/08/2022","14","0.31","1"
"Potenza_Viale_Firenze","CO","mg/m³","20/08/2022","15","0.27","1"
"Potenza_Viale_Firenze","CO","mg/m³","20/08/2022","16","0.28","1"
"Potenza_Viale_Firenze","CO","mg/m³","20/08/2022","17","0.30","-1"
"Potenza_Viale_Firenze","CO","mg/m³","20/08/2022","18","0.31","1"
"Potenza_Viale_Firenze","CO","mg/m³","20/08/2022","19","0.32","1"
"Potenza_Viale_Firenze","CO","mg/m³","20/08/2022","20","0.29","1"
"Potenza_Viale_Firenze","CO","mg/m³","20/08/2022","21","0.29","1"
"Potenza_Viale_Firenze","CO","mg/m³","20/08/2022","22","0.35","1"
"Potenza_Viale_Firenze","CO","mg/m³","20/08/2022","23","0.35","1"
"Potenza_Viale_Firenze","CO","mg/m³","20/08/2022","24","0.35","1"
"Potenza_Viale_Firenze","CO","mg/m³","21/08/2022","01","0.33","1"
"Potenza_Viale_Firenze","CO","mg/m³","21/08/2022","02","0.32","1"
"Potenza_Viale_Firenze","CO","mg/m³","21/08/2022","03","0.30","1"
"Potenza_Viale_Firenze","CO","mg/m³","21/08/2022","04","0.27","1"
"Potenza_Viale_Firenze","CO","mg/m³","21/08/2022","05","0.27","1"
"Potenza_Viale_Firenze","CO","mg/m³","21/08/2022","06","0.29","1"
"Potenza_Viale_Firenze","CO","mg/m³","21/08/2022","07","0.28","1"
"Potenza_Viale_Firenze","CO","mg/m³","21/08/2022","08","0.26","1"
"Potenza_Viale_Firenze","CO","mg/m³","21/08/2022","09","0.25","1"
"Potenza_Viale_Firenze","CO","mg/m³","21/08/2022","10","0.24","1"
"Potenza_Viale_Firenze","CO","mg/m³","21/08/2022","11","0.27","1"
"Potenza_Viale_Firenze","CO","mg/m³","21/08/2022","12","0.31","1"
"Potenza_Viale_Firenze","CO","mg/m³","21/08/2022","13","0.32","1"
"Potenza_Viale_Firenze","CO","mg/m³","21/08/2022","14","0.29","1"
"Potenza_Viale_Firenze","CO","mg/m³","21/08/2022","15","0.28","1"
"Potenza_Viale_Firenze","CO","mg/m³","21/08/2022","16","0.29","-1"
"Potenza_Viale_Firenze","CO","mg/m³","21/08/2022","17","0.30","1"
"Potenza_Viale_Firenze","CO","mg/m³","21/08/2022","18","0.33","1"
"Potenza_Viale_Firenze","CO","mg/m³","21/08/2022","19","0.31","1"
"Potenza_Viale_Firenze","CO","mg/m³","21/08/2022","20","0.42","1"
"Potenza_Viale_Firenze","CO","mg/m³","21/08/2022","21","0.53","1"
"Potenza_Viale_Firenze","CO","mg/m³","21/08/2022","22","0.46","1"
"Potenza_Viale_Firenze","CO","mg/m³","21/08/2022","23","0.52","1"
"Potenza_Viale_Firenze","CO","mg/m³","21/08/2022","24","0.46","1"
"Potenza_Viale_Firenze","CO","mg/m³","22/08/2022","01","0.39","1"
"Potenza_Viale_Firenze","CO","mg/m³","22/08/2022","02","0.31","1"
"Potenza_Viale_Firenze","CO","mg/m³","22/08/2022","03","0.28","1"
"Potenza_Viale_Firenze","CO","mg/m³","22/08/2022","04","0.25","1"
"Potenza_Viale_Firenze","CO","mg/m³","22/08/2022","05","0.24","1"
"Potenza_Viale_Firenze","CO","mg/m³","22/08/2022","06","0.26","1"
"Potenza_Viale_Firenze","CO","mg/m³","22/08/2022","07","0.38","1"
"Potenza_Viale_Firenze","CO","mg/m³","22/08/2022","08","0.44","1"
"Potenza_Viale_Firenze","CO","mg/m³","22/08/2022","09","0.42","1"
"Potenza_Viale_Firenze","CO","mg/m³","22/08/2022","10","0.36","1"
"Potenza_Viale_Firenze","CO","mg/m³","22/08/2022","11","0.39","1"
"Potenza_Viale_Firenze","CO","mg/m³","22/08/2022","12","0.41","1"
"Potenza_Viale_Firenze","CO","mg/m³","22/08/2022","13","0.37","1"
"Potenza_Viale_Firenze","CO","mg/m³","22/08/2022","14","0.33","1"
"Potenza_Viale_Firenze","CO","mg/m³","22/08/2022","15","0.32","-1"
"Potenza_Viale_Firenze","CO","mg/m³","22/08/2022","16","0.34","1"
"Potenza_Viale_Firenze","CO","mg/m³","22/08/2022","17","0.38","1"
"Potenza_Viale_Firenze","CO","mg/m³","22/08/2022","18","0.42","1"
"Potenza_Viale_Firenze","CO","mg/m³","22/08/2022","19","0.47","1"
"Potenza_Viale_Firenze","CO","mg/m³","22/08/2022","20","0.47","1"
"Potenza_Viale_Firenze","CO","mg/m³","22/08/2022","21","0.50","1"
"Potenza_Viale_Firenze","CO","mg/m³","22/08/2022","22","0.48","1"
"Potenza_Viale_Firenze","CO","mg/m³","22/08/2022","23","0.45","1"
"Potenza_Viale_Firenze","CO","mg/m³","22/08/2022","24","0.41","1"
"Potenza_Viale_Firenze","CO","mg/m³","23/08/2022","01","0.38","1"
"Potenza_Viale_Firenze","CO","mg/m³","23/08/2022","02","0.32","1"
"Potenza_Viale_Firenze","CO","mg/m³","23/08/2022","03","0.28","1"
"Potenza_Viale_Firenze","CO","mg/m³","23/08/2022","04","0.26","1"
"Potenza_Viale_Firenze","CO","mg/m³","23/08/2022","05","0.25","1"
"Potenza_Viale_Firenze","CO","mg/m³","23/08/2022","06","0.31","1"
"Potenza_Viale_Firenze","CO","mg/m³","23/08/2022","07","0.38","1"
"Potenza_Viale_Firenze","CO","mg/m³","23/08/2022","08","0.45","1"
"Potenza_Viale_Firenze","CO","mg/m³","23/08/2022","09","0.51","1"
"Potenza_Viale_Firenze","CO","mg/m³","23/08/2022","10","0.43","1"
"Potenza_Viale_Firenze","CO","mg/m³","23/08/2022","11","0.37","1"
"Potenza_Viale_Firenze","CO","mg/m³","23/08/2022","12","0.37","1"
"Potenza_Viale_Firenze","CO","mg/m³","23/08/2022","13","0.37","1"
"Potenza_Viale_Firenze","CO","mg/m³","23/08/2022","14","0.33","-1"
"Potenza_Viale_Firenze","CO","mg/m³","23/08/2022","15","0.31","1"
"Potenza_Viale_Firenze","CO","mg/m³","23/08/2022","16","0.32","1"
"Potenza_Viale_Firenze","CO","mg/m³","23/08/2022","17","0.36","1"
"Potenza_Viale_Firenze","CO","mg/m³","23/08/2022","18","0.41","1"
"Potenza_Viale_Firenze","CO","mg/m³","23/08/2022","19","0.39","1"
"Potenza_Viale_Firenze","CO","mg/m³","23/08/2022","20","0.45","1"
"Potenza_Viale_Firenze","CO","mg/m³","23/08/2022","21","0.46","1"
"Potenza_Viale_Firenze","CO","mg/m³","23/08/2022","22","0.45","1"
"Potenza_Viale_Firenze","CO","mg/m³","23/08/2022","23","0.41","1"
"Potenza_Viale_Firenze","CO","mg/m³","23/08/2022","24","0.38","1"
"Potenza_Viale_Firenze","CO","mg/m³","24/08/2022","01","0.31","1"
"Potenza_Viale_Firenze","CO","mg/m³","24/08/2022","02","0.28","1"
"Potenza_Viale_Firenze","CO","mg/m³","24/08/2022","03","0.26","1"
"Potenza_Viale_Firenze","CO","mg/m³","24/08/2022","04","0.25","1"
"Potenza_Viale_Firenze","CO","mg/m³","24/08/2022","05","0.26","1"
"Potenza_Viale_Firenze","CO","mg/m³","24/08/2022","06","0.28","1"
"Potenza_Viale_Firenze","CO","mg/m³","24/08/2022","07","0.34","1"
"Potenza_Viale_Firenze","CO","mg/m³","24/08/2022","08","0.42","1"
"Potenza_Viale_Firenze","CO","mg/m³","24/08/2022","09","0.39","1"
"Potenza_Viale_Firenze","CO","mg/m³","24/08/2022","10","0.38","1"
"Potenza_Viale_Firenze","CO","mg/m³","24/08/2022","11","0.37","1"
"Potenza_Viale_Firenze","CO","mg/m³","24/08/2022","12","0.38","1"
"Potenza_Viale_Firenze","CO","mg/m³","24/08/2022","13","0.40","-1"
"Potenza_Viale_Firenze","CO","mg/m³","24/08/2022","14","0.37","1"
"Potenza_Viale_Firenze","CO","mg/m³","24/08/2022","15","0.35","1"
"Potenza_Viale_Firenze","CO","mg/m³","24/08/2022","16","0.34","1"
"Potenza_Viale_Firenze","CO","mg/m³","24/08/2022","17","0.35","1"
"Potenza_Viale_Firenze","CO","mg/m³","24/08/2022","18","0.43","1"
"Potenza_Viale_Firenze","CO","mg/m³","24/08/2022","19","0.45","1"
"Potenza_Viale_Firenze","CO","mg/m³","24/08/2022","20","0.47","1"
"Potenza_Viale_Firenze","CO","mg/m³","24/08/2022","21","0.44","1"
"Potenza_Viale_Firenze","CO","mg/m³","24/08/2022","22","0.45","1"
"Potenza_Viale_Firenze","CO","mg/m³","24/08/2022","23","0.42","1"
"Potenza_Viale_Firenze","CO","mg/m³","24/08/2022","24","0.38","1"
"Potenza_Viale_Firenze","CO","mg/m³","25/08/2022","01","0.38","1"
"Potenza_Viale_Firenze","CO","mg/m³","25/08/2022","02","0.35","1"
"Potenza_Viale_Firenze","CO","mg/m³","25/08/2022","03","0.31","1"
"Potenza_Viale_Firenze","CO","mg/m³","25/08/2022","04","0.27","1"
"Potenza_Viale_Firenze","CO","mg/m³","25/08/2022","05","0.26","1"
"Potenza_Viale_Firenze","CO","mg/m³","25/08/2022","06","0.30","1"
"Potenza_Viale_Firenze","CO","mg/m³","25/08/2022","07","0.36","1"
"Potenza_Viale_Firenze","CO","mg/m³","25/08/2022","08","0.45","1"
"Potenza_Viale_Firenze","CO","mg/m³","25/08/2022","09","0.42","1"
"Potenza_Viale_Firenze","CO","mg/m³","25/08/2022","10","0.38","1"
"Potenza_Viale_Firenze","CO","mg/m³","25/08/2022","11","0.38","1"
"Potenza_Viale_Firenze","CO","mg/m³","25/08/2022","12","0.40","-1"
"Potenza_Viale_Firenze","CO","mg/m³","25/08/2022","13","0.40","1"
"Potenza_Viale_Firenze","CO","mg/m³","25/08/2022","14","0.36","1"
"Potenza_Viale_Firenze","CO","mg/m³","25/08/2022","15","0.32","1"
"Potenza_Viale_Firenze","CO","mg/m³","25/08/2022","16","0.34","1"
"Potenza_Viale_Firenze","CO","mg/m³","25/08/2022","17","0.40","1"
"Potenza_Viale_Firenze","CO","mg/m³","25/08/2022","18","0.44","1"
"Potenza_Viale_Firenze","CO","mg/m³","25/08/2022","19","0.46","1"
"Potenza_Viale_Firenze","CO","mg/m³","25/08/2022","20","0.45","1"
"Potenza_Viale_Firenze","CO","mg/m³","25/08/2022","21","0.41","1"
"Potenza_Viale_Firenze","CO","mg/m³","25/08/2022","22","0.45","1"
"Potenza_Viale_Firenze","CO","mg/m³","25/08/2022","23","0.47","1"
"Potenza_Viale_Firenze","CO","mg/m³","25/08/2022","24","0.43","1"
"Potenza_Viale_Firenze","CO","mg/m³","26/08/2022","01","0.41","1"
"Potenza_Viale_Firenze","CO","mg/m³","26/08/2022","02","0.37","1"
"Potenza_Viale_Firenze","CO","mg/m³","26/08/2022","03","0.34","1"
"Potenza_Viale_Firenze","CO","mg/m³","26/08/2022","04","0.31","1"
"Potenza_Viale_Firenze","CO","mg/m³","26/08/2022","05","0.29","1"
"Potenza_Viale_Firenze","CO","mg/m³","26/08/2022","06","0.30","1"
"Potenza_Viale_Firenze","CO","mg/m³","26/08/2022","07","0.46","1"
"Potenza_Viale_Firenze","CO","mg/m³","26/08/2022","08","0.58","1"
"Potenza_Viale_Firenze","CO","mg/m³","26/08/2022","09","0.51","1"
"Potenza_Viale_Firenze","CO","mg/m³","26/08/2022","10","0.42","1"
"Potenza_Viale_Firenze","CO","mg/m³","26/08/2022","11","0.43","-1"
"Potenza_Viale_Firenze","CO","mg/m³","26/08/2022","12","0.39","1"
"Potenza_Viale_Firenze","CO","mg/m³","26/08/2022","13","0.37","1"
"Potenza_Viale_Firenze","CO","mg/m³","26/08/2022","14","0.35","1"
"Potenza_Viale_Firenze","CO","mg/m³","26/08/2022","15","0.31","1"
"Potenza_Viale_Firenze","CO","mg/m³","26/08/2022","16","0.32","1"
"Potenza_Viale_Firenze","CO","mg/m³","26/08/2022","17","0.38","1"
"Potenza_Viale_Firenze","CO","mg/m³","26/08/2022","18","0.45","1"
"Potenza_Viale_Firenze","CO","mg/m³","26/08/2022","19","0.53","1"
"Potenza_Viale_Firenze","CO","mg/m³","26/08/2022","20","0.56","1"
"Potenza_Viale_Firenze","CO","mg/m³","26/08/2022","21","0.58","1"
"Potenza_Viale_Firenze","CO","mg/m³","26/08/2022","22","0.54","1"
"Potenza_Viale_Firenze","CO","mg/m³","26/08/2022","23","0.53","1"
"Potenza_Viale_Firenze","CO","mg/m³","26/08/2022","24","0.54","1"
"Potenza_Viale_Firenze","CO","mg/m³","27/08/2022","01","0.52","1"
"Potenza_Viale_Firenze","CO","mg/m³","27/08/2022","02","0.44","1"
"Potenza_Viale_Firenze","CO","mg/m³","27/08/2022","03","0.38","1"
"Potenza_Viale_Firenze","CO","mg/m³","27/08/2022","04","0.33","1"
"Potenza_Viale_Firenze","CO","mg/m³","27/08/2022","05","0.32","1"
"Potenza_Viale_Firenze","CO","mg/m³","27/08/2022","06","0.35","1"
"Potenza_Viale_Firenze","CO","mg/m³","27/08/2022","07","0.45","1"
"Potenza_Viale_Firenze","CO","mg/m³","27/08/2022","08","0.45","1"
"Potenza_Viale_Firenze","CO","mg/m³","27/08/2022","09","0.39","1"
"Potenza_Viale_Firenze","CO","mg/m³","27/08/2022","10","0.36","-1"
"Potenza_Viale_Firenze","CO","mg/m³","27/08/2022","11","0.36","1"
"Potenza_Viale_Firenze","CO","mg/m³","27/08/2022","12","0.35","1"
"Potenza_Viale_Firenze","CO","mg/m³","27/08/2022","13","0.38","1"
"Potenza_Viale_Firenze","CO","mg/m³","27/08/2022","14","0.33","1"
"Potenza_Viale_Firenze","CO","mg/m³","27/08/2022","15","0.34","1"
"Potenza_Viale_Firenze","CO","mg/m³","27/08/2022","16","0.33","1"
"Potenza_Viale_Firenze","CO","mg/m³","27/08/2022","17","0.36","1"
"Potenza_Viale_Firenze","CO","mg/m³","27/08/2022","18","0.36","1"
"Potenza_Viale_Firenze","CO","mg/m³","27/08/2022","19","0.41","1"
"Potenza_Viale_Firenze","CO","mg/m³","27/08/2022","20","0.42","1"
"Potenza_Viale_Firenze","CO","mg/m³","27/08/2022","21","0.33","1"
"Potenza_Viale_Firenze","CO","mg/m³","27/08/2022","22","0.38","1"
"Potenza_Viale_Firenze","CO","mg/m³","27/08/2022","23","0.37","1"
"Potenza_Viale_Firenze","CO","mg/m³","27/08/2022","24","0.37","1"
"Potenza_Viale_Firenze","CO","mg/m³","28/08/2022","01","0.36","1"
"Potenza_Viale_Firenze","CO","mg/m³","28/08/2022","02","0.35","1"
"Potenza_Viale_Firenze","CO","mg/m³","28/08/2022","03","0.33","1"
"Potenza_Viale_Firenze","CO","mg/m³","28/08/2022","04","0.31","1"
"Potenza_Viale_Firenze","CO","mg/m³","28/08/2022","05","0.30","1"
"Potenza_Viale_Firenze","CO","mg/m³","28/08/2022","06","0.30","1"
"Potenza_Viale_Firenze","CO","mg/m³","28/08/2022","07","0.31","1"
"Potenza_Viale_Firenze","CO","mg/m³","28/08/2022","08","0.31","1"
"Potenza_Viale_Firenze","CO","mg/m³","28/08/2022","09","0.30","-1"
"Potenza_Viale_Firenze","CO","mg/m³","28/08/2022","10","0.31","1"
"Potenza_Viale_Firenze","CO","mg/m³","28/08/2022","11","0.32","1"
"Potenza_Viale_Firenze","CO","mg/m³","28/08/2022","12","0.34","1"
"Potenza_Viale_Firenze","CO","mg/m³","28/08/2022","13","0.32","1"
"Potenza_Viale_Firenze","CO","mg/m³","28/08/2022","14","0.29","1"
"Potenza_Viale_Firenze","CO","mg/m³","28/08/2022","15","0.29","1"
"Potenza_Viale_Firenze","CO","mg/m³","28/08/2022","16","0.29","1"
"Potenza_Viale_Firenze","CO","mg/m³","28/08/2022","17","0.31","1"
"Potenza_Viale_Firenze","CO","mg/m³","28/08/2022","18","0.27","1"
"Potenza_Viale_Firenze","CO","mg/m³","28/08/2022","19","0.30","1"
"Potenza_Viale_Firenze","CO","mg/m³","28/08/2022","20","0.31","1"
"Potenza_Viale_Firenze","CO","mg/m³","28/08/2022","21","0.31","1"
"Potenza_Viale_Firenze","CO","mg/m³","28/08/2022","22","0.32","1"
"Potenza_Viale_Firenze","CO","mg/m³","28/08/2022","23","0.32","1"
"Potenza_Viale_Firenze","CO","mg/m³","28/08/2022","24","0.32","1"
"Potenza_Viale_Firenze","CO","mg/m³","29/08/2022","01","0.33","1"
"Potenza_Viale_Firenze","CO","mg/m³","29/08/2022","02","0.31","1"
"Potenza_Viale_Firenze","CO","mg/m³","29/08/2022","03","0.29","1"
"Potenza_Viale_Firenze","CO","mg/m³","29/08/2022","04","0.27","1"
"Potenza_Viale_Firenze","CO","mg/m³","29/08/2022","05","0.28","1"
"Potenza_Viale_Firenze","CO","mg/m³","29/08/2022","06","0.30","1"
"Potenza_Viale_Firenze","CO","mg/m³","29/08/2022","07","0.35","1"
"Potenza_Viale_Firenze","CO","mg/m³","29/08/2022","08","0.46","-1"
"Potenza_Viale_Firenze","CO","mg/m³","29/08/2022","09","0.51","1"
"Potenza_Viale_Firenze","CO","mg/m³","29/08/2022","10","0.43","1"
"Potenza_Viale_Firenze","CO","mg/m³","29/08/2022","11","0.42","1"
"Potenza_Viale_Firenze","CO","mg/m³","29/08/2022","12","0.39","1"
"Potenza_Viale_Firenze","CO","mg/m³","29/08/2022","13","0.36","1"
"Potenza_Viale_Firenze","CO","mg/m³","29/08/2022","14","0.32","1"
"Potenza_Viale_Firenze","CO","mg/m³","29/08/2022","15","0.33","1"
"Potenza_Viale_Firenze","CO","mg/m³","29/08/2022","16","0.33","1"
"Potenza_Viale_Firenze","CO","mg/m³","29/08/2022","17","0.32","1"
"Potenza_Viale_Firenze","CO","mg/m³","29/08/2022","18","0.37","1"
"Potenza_Viale_Firenze","CO","mg/m³","29/08/2022","19","0.39","1"
"Potenza_Viale_Firenze","CO","mg/m³","29/08/2022","20","0.52","1"
"Potenza_Viale_Firenze","CO","mg/m³","29/08/2022","21","0.51","1"
"Potenza_Viale_Firenze","CO","mg/m³","29/08/2022","22","0.46","1"
"Potenza_Viale_Firenze","CO","mg/m³","29/08/2022","23","0.44","1"
"Potenza_Viale_Firenze","CO","mg/m³","29/08/2022","24","0.41","1"
"Potenza_Viale_Firenze","CO","mg/m³","30/08/2022","01","0.38","1"
"Potenza_Viale_Firenze","CO","mg/m³","30/08/2022","02","0.35","1"
"Potenza_Viale_Firenze","CO","mg/m³","30/08/2022","03","0.31","1"
"Potenza_Viale_Firenze","CO","mg/m³","30/08/2022","04","0.29","1"
"Potenza_Viale_Firenze","CO","mg/m³","30/08/2022","05","0.29","1"
"Potenza_Viale_Firenze","CO","mg/m³","30/08/2022","06","0.32","1"
"Potenza_Viale_Firenze","CO","mg/m³","30/08/2022","07","0.50","-1"
"Potenza_Viale_Firenze","CO","mg/m³","30/08/2022","08","0.53","1"
"Potenza_Viale_Firenze","CO","mg/m³","30/08/2022","09","0.43","1"
"Potenza_Viale_Firenze","CO","mg/m³","30/08/2022","10","0.39","1"
"Potenza_Viale_Firenze","CO","mg/m³","30/08/2022","11","0.36","1"
"Potenza_Viale_Firenze","CO","mg/m³","30/08/2022","12","0.34","1"
"Potenza_Viale_Firenze","CO","mg/m³","30/08/2022","13","0.35","1"
"Potenza_Viale_Firenze","CO","mg/m³","30/08/2022","14","0.32","1"
"Potenza_Viale_Firenze","CO","mg/m³","30/08/2022","15","0.35","1"
"Potenza_Viale_Firenze","CO","mg/m³","30/08/2022","16","0.35","1"
"Potenza_Viale_Firenze","CO","mg/m³","30/08/2022","17","0.46","1"
"Potenza_Viale_Firenze","CO","mg/m³","30/08/2022","18","0.57","1"
"Potenza_Viale_Firenze","CO","mg/m³","30/08/2022","19","0.72","1"
"Potenza_Viale_Firenze","CO","mg/m³","30/08/2022","20","0.56","1"
"Potenza_Viale_Firenze","CO","mg/m³","30/08/2022","21","0.45","1"
"Potenza_Viale_Firenze","CO","mg/m³","30/08/2022","22","0.44","1"
"Potenza_Viale_Firenze","CO","mg/m³","30/08/2022","23","0.44","1"
"Potenza_Viale_Firenze","CO","mg/m³","30/08/2022","24","0.40","1"
"Potenza_Viale_Firenze","CO","mg/m³","31/08/2022","01","0.40","1"
"Potenza_Viale_Firenze","CO","mg/m³","31/08/2022","02","0.37","1"
"Potenza_Viale_Firenze","CO","mg/m³","31/08/2022","03","0.35","1"
"Potenza_Viale_Firenze","CO","mg/m³","31/08/2022","04","0.31","1"
"Potenza_Viale_Firenze","CO","mg/m³","31/08/2022","05","0.30","1"
"Potenza_Viale_Firenze","CO","mg/m³","31/08/2022","06","0.34","-1"
"Potenza_Viale_Firenze","CO","mg/m³","31/08/2022","07","0.52","1"
"Potenza_Viale_Firenze","CO","mg/m³","31/08/2022","08","0.61","1"
"Potenza_Viale_Firenze","CO","mg/m³","31/08/2022","09","0.51","1"
"Potenza_Viale_Firenze","CO","mg/m³","31/08/2022","10","0.47","1"
"Potenza_Viale_Firenze","CO","mg/m³","31/08/2022","11","0.50","1"
"Potenza_Viale_Firenze","CO","mg/m³","31/08/2022","12","0.44","1"
"Potenza_Viale_Firenze","CO","mg/m³","31/08/2022","13","0.40","1"
"Potenza_Viale_Firenze","CO","mg/m³","31/08/2022","14","0.37","1"
"Potenza_Viale_Firenze","CO","mg/m³","31/08/2022","15","0.33","1"
"Potenza_Viale_Firenze","CO","mg/m³","31/08/2022","16","0.34","1"
"Potenza_Viale_Firenze","CO","mg/m³","31/08/2022","17","0.43","1"
"Potenza_Viale_Firenze","CO","mg/m³","31/08/2022","18","0.43","1"
"Potenza_Viale_Firenze","CO","mg/m³","31/08/2022","19","0.38","1"
"Potenza_Viale_Firenze","CO","mg/m³","31/08/2022","20","0.41","1"
"Potenza_Viale_Firenze","CO","mg/m³","31/08/2022","21","0.37","1"
"Potenza_Viale_Firenze","CO","mg/m³","31/08/2022","22","0.34","1"
"Potenza_Viale_Firenze","CO","mg/m³","31/08/2022","23","0.38","1"
"Potenza_Viale_Firenze","CO","mg/m³","31/08/2022","24","0.36","1"
"Potenza_Viale_Firenze","CO","mg/m³","01/09/2022","01","0.34","1"
"Potenza_Viale_Firenze","CO","mg/m³","01/09/2022","02","0.34","1"
"Potenza_Viale_Firenze","CO","mg/m³","01/09/2022","03","0.31","1"
"Potenza_Viale_Firenze","CO","mg/m³","01/09/2022","04","0.28","1"
"Potenza_Viale_Firenze","CO","mg/m³","01/09/2022","05","0.28","-1"
"Potenza_Viale_Firenze","CO","mg/m³","01/09/2022","06","0.29","1"
"Potenza_Viale_Firenze","CO","mg/m³","01/09/2022","07","0.37","1"
"Potenza_Viale_Firenze","CO","mg/m³","01/09/2022","08","0.46","1"
"Potenza_Viale_Firenze","CO","mg/m³","01/09/2022","09","0.46","1"
"Potenza_Viale_Firenze","CO","mg/m³","01/09/2022","10","0.50","1"
"Potenza_Viale_Firenze","CO","mg/m³","01/09/2022","11","0.50","1"
"Potenza_Viale_Firenze","CO","mg/m³","01/09/2022","12","0.59","1"
"Potenza_Viale_Firenze","CO","mg/m³","01/09/2022","13","0.52","1"
"Potenza_Viale_Firenze","CO","mg/m³","01/09/2022","14","0.45","1"
"Potenza_Viale_Firenze","CO","mg/m³","01/09/2022","15","0.37","1"
"Potenza_Viale_Firenze","CO","mg/m³","01/09/2022","16","0.34","1"
"Potenza_Viale_Firenze","CO","mg/m³","01/09/2022","17","0.34","1"
"Potenza_Viale_Firenze","CO","mg/m³","01/09/2022","18","0.44","1"
"Potenza_Viale_Firenze","CO","mg/m³","01/09/2022","19","0.48","1"
"Potenza_Viale_Firenze","CO","mg/m³","01/09/2022","20","0.44","1"
"Potenza_Viale_Firenze","CO","mg/m³","01/09/2022","21","0.39","1"
"Potenza_Viale_Firenze","CO","mg/m³","01/09/2022","22","0.36","1"
"Potenza_Viale_Firenze","CO","mg/m³","01/09/2022","23","0.34","1"
"Potenza_Viale_Firenze","CO","mg/m³","01/09/2022","24","0.30","1"
"Potenza_Viale_Firenze","CO","mg/m³","02/09/2022","01","0.31","1"
"Potenza_Viale_Firenze","CO","mg/m³","02/09/2022","02","0.29","1"
"Potenza_Viale_Firenze","CO","mg/m³","02/09/2022","03","0.27","1"
"Potenza_Viale_Firenze","CO","mg/m³","02/09/2022","04","0.25","-1"
"Potenza_Viale_Firenze","CO","mg/m³","02/09/2022","05","0.27","1"
"Potenza_Viale_Firenze","CO","mg/m³","02/09/2022","06","0.33","1"
"Potenza_Viale_Firenze","CO","mg/m³","02/09/2022","07","0.40","1"
"Potenza_Viale_Firenze","CO","mg/m³","02/09/2022","08","0.44","1"
"Potenza_Viale_Firenze","CO","mg/m³","02/09/2022","09","0.43","1"
"Potenza_Viale_Firenze","CO","mg/m³","02/09/2022","10","0.42","1"
"Potenza_Viale_Firenze","CO","mg/m³","02/09/2022","11","0.39","1"
"Potenza_Viale_Firenze","CO","mg/m³","02/09/2022","12","0.38","1"
"Potenza_Viale_Firenze","CO","mg/m³","02/09/2022","13","0.38","1"
"Potenza_Viale_Firenze","CO","mg/m³","02/09/2022","14","0.34","1"
"Potenza_Viale_Firenze","CO","mg/m³","02/09/2022","15","0.32","1"
"Potenza_Viale_Firenze","CO","mg/m³","02/09/2022","16","0.35","1"
"Potenza_Viale_Firenze","CO","mg/m³","02/09/2022","17","0.35","1"
"Potenza_Viale_Firenze","CO","mg/m³","02/09/2022","18","0.47","1"
"Potenza_Viale_Firenze","CO","mg/m³","02/09/2022","19","0.50","1"
"Potenza_Viale_Firenze","CO","mg/m³","02/09/2022","20","0.47","1"
"Potenza_Viale_Firenze","CO","mg/m³","02/09/2022","21","0.46","1"
"Potenza_Viale_Firenze","CO","mg/m³","02/09/2022","22","0.45","1"
"Potenza_Viale_Firenze","CO","mg/m³","02/09/2022","23","0.45","1"
"Potenza_Viale_Firenze","CO","mg/m³","02/09/2022","24","0.44","1"
"Potenza_Viale_Firenze","CO","mg/m³","03/09/2022","01","0.42","1"
"Potenza_Viale_Firenze","CO","mg/m³","03/09/2022","02","0.39","1"
"Potenza_Viale_Firenze","CO","mg/m³","03/09/2022","03","0.35","-1"
"Potenza_Viale_Firenze","CO","mg/m³","03/09/2022","04","0.32","1"
"Potenza_Viale_Firenze","CO","mg/m³","03/09/2022","05","0.30","1"
"Potenza_Viale_Firenze","CO","mg/m³","03/09/2022","06","0.35","1"
"Potenza_Viale_Firenze","CO","mg/m³","03/09/2022","07","0.49","1"
"Potenza_Viale_Firenze","CO","mg/m³","03/09/2022","08","0.57","1"
"Potenza_Viale_Firenze","CO","mg/m³","03/09/2022","09","0.49","1"
"Potenza_Viale_Firenze","CO","mg/m³","03/09/2022","10","0.43","1"
"Potenza_Viale_Firenze","CO","mg/m³","03/09/2022","11","0.41","1"
"Potenza_Viale_Firenze","CO","mg/m³","03/09/2022","12","0.43","1"
"Potenza_Viale_Firenze","CO","mg/m³","03/09/2022","13","0.38","1"
"Potenza_Viale_Firenze","CO","mg/m³","03/09/2022","14","0.32","1"
"Potenza_Viale_Firenze","CO","mg/m³","03/09/2022","15","0.29","1"
"Potenza_Viale_Firenze","CO","mg/m³","03/09/2022","16","0.31","1"
"Potenza_Viale_Firenze","CO","mg/m³","03/09/2022","17","0.33","1"
"Potenza_Viale_Firenze","CO","mg/m³","03/09/2022","18","0.37","1"
"Potenza_Viale_Firenze","CO","mg/m³","03/09/2022","19","0.47","1"
"Potenza_Viale_Firenze","CO","mg/m³","03/09/2022","20","0.53","1"
"Potenza_Viale_Firenze","CO","mg/m³","03/09/2022","21","0.58","1"
"Potenza_Viale_Firenze","CO","mg/m³","03/09/2022","22","0.54","1"
"Potenza_Viale_Firenze","CO","mg/m³","03/09/2022","23","0.47","1"
"Potenza_Viale_Firenze","CO","mg/m³","03/09/2022","24","0.45","1"
"Potenza_Viale_Firenze","CO","mg/m³","04/09/2022","01","0.43","1"
"Potenza_Viale_Firenze","CO","mg/m³","04/09/2022","02","0.41","-1"
"Potenza_Viale_Firenze","CO","mg/m³","04/09/2022","03","0.37","1"
"Potenza_Viale_Firenze","CO","mg/m³","04/09/2022","04","0.34","1"
"Potenza_Viale_Firenze","CO","mg/m³","04/09/2022","05","0.31","1"
"Potenza_Viale_Firenze","CO","mg/m³","04/09/2022","06","0.31","1"
"Potenza_Viale_Firenze","CO","mg/m³","04/09/2022","07","0.33","1"
"Potenza_Viale_Firenze","CO","mg/m³","04/09/2022","08","0.38","1"
"Potenza_Viale_Firenze","CO","mg/m³","04/09/2022","09","0.46","1"
"Potenza_Viale_Firenze","CO","mg/m³","04/09/2022","10","0.44","1"
"Potenza_Viale_Firenze","CO","mg/m³","04/09/2022","11","0.44","1"
"Potenza_Viale_Firenze","CO","mg/m³","04/09/2022","12","0.38","1"
"Potenza_Viale_Firenze","CO","mg/m³","04/09/2022","13","0.39","1"
"Potenza_Viale_Firenze","CO","mg/m³","04/09/2022","14","0.33","1"
"Potenza_Viale_Firenze","CO","mg/m³","04/09/2022","15","0.30","1"
"Potenza_Viale_Firenze","CO","mg/m³","04/09/2022","16","0.30","1"
"Potenza_Viale_Firenze","CO","mg/m³","04/09/2022","17","0.29","1"
"Potenza_Viale_Firenze","CO","mg/m³","04/09/2022","18","0.35","1"
"Potenza_Viale_Firenze","CO","mg/m³","04/09/2022","19","0.34","1"
"Potenza_Viale_Firenze","CO","mg/m³","04/09/2022","20","0.41","1"
"Potenza_Viale_Firenze","CO","mg/m³","04/09/2022","21","0.51","1"
"Potenza_Viale_Firenze","CO","mg/m³","04/09/2022","22","0.47","1"
"Potenza_Viale_Firenze","CO","mg/m³","04/09/2022","23","0.44","1"
"Potenza_Viale_Firenze","CO","mg/m³","04/09/2022","24","0.47","1"
"Potenza_Viale_Firenze","CO","mg/m³","05/09/2022","01","0.43","-1"
"Potenza_Viale_Firenze","CO","mg/m³","05/09/2022","02","0.39","1"
"Potenza_Viale_Firenze","CO","mg/m³","05/09/2022","03","0.33","1"
"Potenza_Viale_Firenze","CO","mg/m³","05/09/2022","04","0.30","1"
"Potenza_Viale_Firenze","CO","mg/m³","05/09/2022","05","0.30","1"
"Potenza_Viale_Firenze","CO","mg/m³","05/09/2022","06","0.40","1"
"Potenza_Viale_Firenze","CO","mg/m³","05/09/2022","07","0.46","1"
"Potenza_Viale_Firenze","CO","mg/m³","05/09/2022","08","0.46","1"
"Potenza_Viale_Firenze","CO","mg/m³","05/09/2022","09","0.49","1"
"Potenza_Viale_Firenze","CO","mg/m³","05/09/2022","10","0.41","1"
"Potenza_Viale_Firenze","CO","mg/m³","05/09/2022","11","0.38","1"
"Potenza_Viale_Firenze","CO","mg/m³","05/09/2022","12","0.46","1"
"Potenza_Viale_Firenze","CO","mg/m³","05/09/2022","13","0.41","1"
"Potenza_Viale_Firenze","CO","mg/m³","05/09/2022","14","0.38","1"
"Potenza_Viale_Firenze","CO","mg/m³","05/09/2022","15","0.38","1"
"Potenza_Viale_Firenze","CO","mg/m³","05/09/2022","16","0.39","1"
"Potenza_Viale_Firenze","CO","mg/m³","05/09/2022","17","0.45","1"
"Potenza_Viale_Firenze","CO","mg/m³","05/09/2022","18","0.66","1"
"Potenza_Viale_Firenze","CO","mg/m³","05/09/2022","19","0.65","1"
"Potenza_Viale_Firenze","CO","mg/m³","05/09/2022","20","0.65","1"
"Potenza_Viale_Firenze","CO","mg/m³","05/09/2022","21","0.66","1"
"Potenza_Viale_Firenze","CO","mg/m³","05/09/2022","22","0.59","1"
"Potenza_Viale_Firenze","CO","mg/m³","05/09/2022","23","0.53","1"
"Potenza_Viale_Firenze","CO","mg/m³","05/09/2022","24","0.48","-1"
"Potenza_Viale_Firenze","CO","mg/m³","06/09/2022","01","0.43","1"
"Potenza_Viale_Firenze","CO","mg/m³","06/09/2022","02","0.37","1"
"Potenza_Viale_Firenze","CO","mg/m³","06/09/2022","03","0.31","1"
"Potenza_Viale_Firenze","CO","mg/m³","06/09/2022","04","0.29","1"
"Potenza_Viale_Firenze","CO","mg/m³","06/09/2022","05","0.28","1"
"Potenza_Viale_Firenze","CO","mg/m³","06/09/2022","06","0.46","1"
"Potenza_Viale_Firenze","CO","mg/m³","06/09/2022","07","0.61","1"
"Potenza_Viale_Firenze","CO","mg/m³","06/09/2022","08","0.73","1"
"Potenza_Viale_Firenze","CO","mg/m³","06/09/2022","09","0.41","1"
"Potenza_Viale_Firenze","CO","mg/m³","06/09/2022","10","0.49","1"
"Potenza_Viale_Firenze","CO","mg/m³","06/09/2022","11","0.39","1"
"Potenza_Viale_Firenze","CO","mg/m³","06/09/2022","12","0.42","1"
"Potenza_Viale_Firenze","CO","mg/m³","06/09/2022","13","0.40","1"
"Potenza_Viale_Firenze","CO","mg/m³","06/09/2022","14","0.38","1"
"Potenza_Viale_Firenze","CO","mg/m³","06/09/2022","15","0.36","1"
"Potenza_Viale_Firenze","CO","mg/m³","06/09/2022","16","0.37","1"
"Potenza_Viale_Firenze","CO","mg/m³","06/09/2022","17","0.49","1"
"Potenza_Viale_Firenze","CO","mg/m³","06/09/2022","18","0.69","1"
"Potenza_Viale_Firenze","CO","mg/m³","06/09/2022","19","0.96","1"
"Potenza_Viale_Firenze","CO","mg/m³","06/09/2022","20","0.95","1"
"Potenza_Viale_Firenze","CO","mg/m³","06/09/2022","21","0.79","1"
"Potenza_Viale_Firenze","CO","mg/m³","06/09/2022","22","0.71","1"
"Potenza_Viale_Firenze","CO","mg/m³","06/09/2022","23","0.65","-1"
"Potenza_Viale_Firenze","CO","mg/m³","06/09/2022","24","0.55","1"
"Potenza_Viale_Firenze","CO","mg/m³","07/09/2022","01","0.48","1"
"Potenza_Viale_Firenze","CO","mg/m³","07/09/2022","02","0.42","1"
"Potenza_Viale_Firenze","CO","mg/m³","07/09/2022","03","0.37","1"
"Potenza_Viale_Firenze","CO","mg/m³","07/09/2022","04","0.34","1"
"Potenza_Viale_Firenze","CO","mg/m³","07/09/2022","05","0.33","1"
"Potenza_Viale_Firenze","CO","mg/m³","07/09/2022","06","0.40","1"
"Potenza_Viale_Firenze","CO","mg/m³","07/09/2022","07","0.59","1"
"Potenza_Viale_Firenze","CO","mg/m³","07/09/2022","08","0.64","1"
"Potenza_Viale_Firenze","CO","mg/m³","07/09/2022","09","0.50","1"
"Potenza_Viale_Firenze","CO","mg/m³","07/09/2022","10","0.57","1"
"Potenza_Viale_Firenze","CO","mg/m³","07/09/2022","11","0.45","1"
"Potenza_Viale_Firenze","CO","mg/m³","07/09/2022","12","0.41","1"
"Potenza_Viale_Firenze","CO","mg/m³","07/09/2022","13","0.40","1"
"Potenza_Viale_Firenze","CO","mg/m³","07/09/2022","14","0.36","1"
"Potenza_Viale_Firenze","CO","mg/m³","07/09/2022","15","0.36","1"
"Potenza_Viale_Firenze","CO","mg/m³","07/09/2022","16","0.39","1"
"Potenza_Viale_Firenze","CO","mg/m³","07/09/2022","17","0.40","1"
"Potenza_Viale_Firenze","CO","mg/m³","07/09/2022","18","0.44","1"
"Potenza_Viale_Firenze","CO","mg/m³","07/09/2022","19","0.37","1"
"Potenza_Viale_Firenze","CO","mg/m³","07/09/2022","20","0.38","1"
"Potenza_Viale_Firenze","CO","mg/m³","07/09/2022","21","0.42","1"
"Potenza_Viale_Firenze","CO","mg/m³","07/09/2022","22","0.47","-1"
"Potenza_Viale_Firenze","CO","mg/m³","07/09/2022","23","0.46","1"
"Potenza_Viale_Firenze","CO","mg/m³","07/09/2022","24","0.44","1"
"Potenza_Viale_Firenze","CO","mg/m³","08/09/2022","01","0.41","1"
"Potenza_Viale_Firenze","CO","mg/m³","08/09/2022","02","0.36","1"
"Potenza_Viale_Firenze","CO","mg/m³","08/09/2022","03","0.33","1"
"Potenza_Viale_Firenze","CO","mg/m³","08/09/2022","04","0.30","1"
"Potenza_Viale_Firenze","CO","mg/m³","08/09/2022","05","0.30","1"
"Potenza_Viale_Firenze","CO","mg/m³","08/09/2022","06","0.33","1"
"Potenza_Viale_Firenze","CO","mg/m³","08/09/2022","07","0.49","1"
"Potenza_Viale_Firenze","CO","mg/m³","08/09/2022","08","0.67","1"
"Potenza_Viale_Firenze","CO","mg/m³","08/09/2022","09","0.49","1"
"Potenza_Viale_Firenze","CO","mg/m³","08/09/2022","10","0.45","1"
"Potenza_Viale_Firenze","CO","mg/m³","08/09/2022","11","0.45","1"
"Potenza_Viale_Firenze","CO","mg/m³","08/09/2022","12","-9999","-1"
"Potenza_Viale_Firenze","CO","mg/m³","08/09/2022","13","0.38","1"
"Potenza_Viale_Firenze","CO","mg/m³","08/09/2022","14","0.33","1"
"Potenza_Viale_Firenze","CO","mg/m³","08/09/2022","15","0.30","1"
"Potenza_Viale_Firenze","CO","mg/m³","08/09/2022","16","0.35","1"
"Potenza_Viale_Firenze","CO","mg/m³","08/09/2022","17","0.37","1"
"Potenza_Viale_Firenze","CO","mg/m³","08/09/2022","18","0.41","1"
"Potenza_Viale_Firenze","CO","mg/m³","08/09/2022","19","0.43","1"
"Potenza_Viale_Firenze","CO","mg/m³","08/09/2022","20","0.52","1"
"Potenza_Viale_Firenze","CO","mg/m³","08/09/2022","21","0.49","-1"
"Potenza_Viale_Firenze","CO","mg/m³","08/09/2022","22","0.39","1"
"Potenza_Viale_Firenze","CO","mg/m³","08/09/2022","23","0.37","1"
"Potenza_Viale_Firenze","CO","mg/m³","08/09/2022","24","0.38","1"
"Potenza_Viale_Firenze","CO","mg/m³","09/09/2022","01","0.32","1"
"Potenza_Viale_Firenze","CO","mg/m³","09/09/2022","02","0.28","1"
"Potenza_Viale_Firenze","CO","mg/m³","09/09/2022","03","0.27","1"
"Potenza_Viale_Firenze","CO","mg/m³","09/09/2022","04","0.25","1"
"Potenza_Viale_Firenze","CO","mg/m³","09/09/2022","05","0.27","1"
"Potenza_Viale_Firenze","CO","mg/m³","09/09/2022","06","0.43","1"
"Potenza_Viale_Firenze","CO","mg/m³","09/09/2022","07","0.78","1"
"Potenza_Viale_Firenze","CO","mg/m³","09/09/2022","08","0.56","1"
"Potenza_Viale_Firenze","CO","mg/m³","09/09/2022","09","0.46","1"
"Potenza_Viale_Firenze","CO","mg/m³","09/09/2022","10","0.44","1"
"Potenza_Viale_Firenze","CO","mg/m³","09/09/2022","11","0.44","1"
"Potenza_Viale_Firenze","CO","mg/m³","09/09/2022","12","0.36","1"
"Potenza_Viale_Firenze","CO","mg/m³","09/09/2022","13","0.33","1"
"Potenza_Viale_Firenze","CO","mg/m³","09/09/2022","14","0.30","1"
"Potenza_Viale_Firenze","CO","mg/m³","09/09/2022","15","0.27","1"
"Potenza_Viale_Firenze","CO","mg/m³","09/09/2022","16","0.27","1"
"Potenza_Viale_Firenze","CO","mg/m³","09/09/2022","17","0.32","1"
"Potenza_Viale_Firenze","CO","mg/m³","09/09/2022","18","0.34","1"
"Potenza_Viale_Firenze","CO","mg/m³","09/09/2022","19","0.39","1"
"Potenza_Viale_Firenze","CO","mg/m³","09/09/2022","20","0.45","-1"
"Potenza_Viale_Firenze","CO","mg/m³","09/09/2022","21","0.40","1"
"Potenza_Viale_Firenze","CO","mg/m³","09/09/2022","22","0.38","1"
"Potenza_Viale_Firenze","CO","mg/m³","09/09/2022","23","0.37","1"
"Potenza_Viale_Firenze","CO","mg/m³","09/09/2022","24","0.35","1"
"Potenza_Viale_Firenze","CO","mg/m³","10/09/2022","01","0.31","1"
"Potenza_Viale_Firenze","CO","mg/m³","10/09/2022","02","0.24","1"
"Potenza_Viale_Firenze","CO","mg/m³","10/09/2022","03","0.22","1"
"Potenza_Viale_Firenze","CO","mg/m³","10/09/2022","04","0.21","1"
"Potenza_Viale_Firenze","CO","mg/m³","10/09/2022","05","0.24","1"
"Potenza_Viale_Firenze","CO","mg/m³","10/09/2022","06","0.32","1"
"Potenza_Viale_Firenze","CO","mg/m³","10/09/2022","07","0.32","1"
"Potenza_Viale_Firenze","CO","mg/m³","10/09/2022","08","0.30","1"
"Potenza_Viale_Firenze","CO","mg/m³","10/09/2022","09","0.32","1"
"Potenza_Viale_Firenze","CO","mg/m³","10/09/2022","10","0.32","1"
"Potenza_Viale_Firenze","CO","mg/m³","10/09/2022","11","0.30","1"
"Potenza_Viale_Firenze","CO","mg/m³","10/09/2022","12","0.32","1"
"Potenza_Viale_Firenze","CO","mg/m³","10/09/2022","13","0.32","1"
"Potenza_Viale_Firenze","CO","mg/m³","10/09/2022","14","0.26","1"
"Potenza_Viale_Firenze","CO","mg/m³","10/09/2022","15","0.26","1"
"Potenza_Viale_Firenze","CO","mg/m³","10/09/2022","16","0.28","1"
"Potenza_Viale_Firenze","CO","mg/m³","10/09/2022","17","0.30","1"
"Potenza_Viale_Firenze","CO","mg/m³","10/09/2022","18","0.33","1"
"Potenza_Viale_Firenze","CO","mg/m³","10/09/2022","19","0.34","-1"
"Potenza_Viale_Firenze","CO","mg/m³","10/09/2022","20","0.32","1"
"Potenza_Viale_Firenze","CO","mg/m³","10/09/2022","21","0.26","1"
"Potenza_Viale_Firenze","CO","mg/m³","10/09/2022","22","0.26","1"
"Potenza_Viale_Firenze","CO","mg/m³","10/09/2022","23","0.28","1"
"Potenza_Viale_Firenze","CO","mg/m³","10/09/2022","24","0.27","1"
"Potenza_Viale_Firenze","CO","mg/m³","11/09/2022","01","0.24","1"
"Potenza_Viale_Firenze","CO","mg/m³","11/09/2022","02","0.27","1"
"Potenza_Viale_Firenze","CO","mg/m³","11/09/2022","03","0.21","1"
"Potenza_Viale_Firenze","CO","mg/m³","11/09/2022","04","0.22","1"
"Potenza_Viale_Firenze","CO","mg/m³","11/09/2022","05","0.24","1"
"Potenza_Viale_Firenze","CO","mg/m³","11/09/2022","06","0.28","1"
"Potenza_Viale_Firenze","CO","mg/m³","11/09/2022","07","0.37","1"
"Potenza_Viale_Firenze","CO","mg/m³","11/09/2022","08","0.27","1"
"Potenza_Viale_Firenze","CO","mg/m³","11/09/2022","09","0.30","1"
"Potenza_Viale_Firenze","CO","mg/m³","11/09/2022","10","0.28","1"
"Potenza_Viale_Firenze","CO","mg/m³","11/09/2022","11","0.27","1"
"Potenza_Viale_Firenze","CO","mg/m³","11/09/2022","12","0.29","1"
"Potenza_Viale_Firenze","CO","mg/m³","11/09/2022","13","0.30","1"
"Potenza_Viale_Firenze","CO","mg/m³","11/09/2022","14","0.25","1"
"Potenza_Viale_Firenze","CO","mg/m³","11/09/2022","15","0.22","1"
"Potenza_Viale_Firenze","CO","mg/m³","11/09/2022","16","0.23","1"
"Potenza_Viale_Firenze","CO","mg/m³","11/09/2022","17","0.25","1"
"Potenza_Viale_Firenze","CO","mg/m³","11/09/2022","18","0.32","-1"
"Potenza_Viale_Firenze","CO","mg/m³","11/09/2022","19","0.33","1"
"Potenza_Viale_Firenze","CO","mg/m³","11/09/2022","20","0.34","1"
"Potenza_Viale_Firenze","CO","mg/m³","11/09/2022","21","0.30","1"
"Potenza_Viale_Firenze","CO","mg/m³","11/09/2022","22","0.28","1"
"Potenza_Viale_Firenze","CO","mg/m³","11/09/2022","23","0.24","1"
"Potenza_Viale_Firenze","CO","mg/m³","11/09/2022","24","0.24","1"
"Potenza_Viale_Firenze","CO","mg/m³","12/09/2022","01","0.25","1"
"Potenza_Viale_Firenze","CO","mg/m³","12/09/2022","02","0.26","1"
"Potenza_Viale_Firenze","CO","mg/m³","12/09/2022","03","0.23","1"
"Potenza_Viale_Firenze","CO","mg/m³","12/09/2022","04","0.22","1"
"Potenza_Viale_Firenze","CO","mg/m³","12/09/2022","05","0.27","1"
"Potenza_Viale_Firenze","CO","mg/m³","12/09/2022","06","0.29","1"
"Potenza_Viale_Firenze","CO","mg/m³","12/09/2022","07","0.34","1"
"Potenza_Viale_Firenze","CO","mg/m³","12/09/2022","08","0.67","1"
"Potenza_Viale_Firenze","CO","mg/m³","12/09/2022","09","0.47","1"
"Potenza_Viale_Firenze","CO","mg/m³","12/09/2022","10","0.42","1"
"Potenza_Viale_Firenze","CO","mg/m³","12/09/2022","11","0.37","1"
"Potenza_Viale_Firenze","CO","mg/m³","12/09/2022","12","0.36","1"
"Potenza_Viale_Firenze","CO","mg/m³","12/09/2022","13","0.39","1"
"Potenza_Viale_Firenze","CO","mg/m³","12/09/2022","14","0.32","1"
"Potenza_Viale_Firenze","CO","mg/m³","12/09/2022","15","0.31","1"
"Potenza_Viale_Firenze","CO","mg/m³","12/09/2022","16","0.36","1"
"Potenza_Viale_Firenze","CO","mg/m³","12/09/2022","17","0.37","-1"
"Potenza_Viale_Firenze","CO","mg/m³","12/09/2022","18","0.44","1"
"Potenza_Viale_Firenze","CO","mg/m³","12/09/2022","19","0.53","1"
"Potenza_Viale_Firenze","CO","mg/m³","12/09/2022","20","0.43","1"
"Potenza_Viale_Firenze","CO","mg/m³","12/09/2022","21","0.47","1"
"Potenza_Viale_Firenze","CO","mg/m³","12/09/2022","22","0.39","1"
"Potenza_Viale_Firenze","CO","mg/m³","12/09/2022","23","0.39","1"
"Potenza_Viale_Firenze","CO","mg/m³","12/09/2022","24","0.32","1"
"Potenza_Viale_Firenze","CO","mg/m³","13/09/2022","01","0.31","1"
"Potenza_Viale_Firenze","CO","mg/m³","13/09/2022","02","0.27","1"
"Potenza_Viale_Firenze","CO","mg/m³","13/09/2022","03","0.25","1"
"Potenza_Viale_Firenze","CO","mg/m³","13/09/2022","04","0.26","1"
"Potenza_Viale_Firenze","CO","mg/m³","13/09/2022","05","0.31","1"
"Potenza_Viale_Firenze","CO","mg/m³","13/09/2022","06","0.40","1"
"Potenza_Viale_Firenze","CO","mg/m³","13/09/2022","07","0.99","1"
"Potenza_Viale_Firenze","CO","mg/m³","13/09/2022","08","0.91","1"
"Potenza_Viale_Firenze","CO","mg/m³","13/09/2022","09","0.57","1"
"Potenza_Viale_Firenze","CO","mg/m³","13/09/2022","10","0.42","1"
"Potenza_Viale_Firenze","CO","mg/m³","13/09/2022","11","0.35","1"
"Potenza_Viale_Firenze","CO","mg/m³","13/09/2022","12","0.40","1"
"Potenza_Viale_Firenze","CO","mg/m³","13/09/2022","13","0.40","1"
"Potenza_Viale_Firenze","CO","mg/m³","13/09/2022","14","0.38","1"
"Potenza_Viale_Firenze","CO","mg/m³","13/09/2022","15","0.34","1"
"Potenza_Viale_Firenze","CO","mg/m³","13/09/2022","16","0.40","-1"
"Potenza_Viale_Firenze","CO","mg/m³","13/09/2022","17","0.41","1"
"Potenza_Viale_Firenze","CO","mg/m³","13/09/2022","18","0.48","1"
"Potenza_Viale_Firenze","CO","mg/m³","13/09/2022","19","0.68","1"
"Potenza_Viale_Firenze","CO","mg/m³","13/09/2022","20","0.68","1"
"Potenza_Viale_Firenze","CO","mg/m³","13/09/2022","21","0.52","1"
"Potenza_Viale_Firenze","CO","mg/m³","13/09/2022","22","0.46","1"
"Potenza_Viale_Firenze","CO","mg/m³","13/09/2022","23","0.40","1"
"Potenza_Viale_Firenze","CO","mg/m³","13/09/2022","24","0.31","1"
"Potenza_Viale_Firenze","CO","mg/m³","14/09/2022","01","0.29","1"
"Potenza_Viale_Firenze","CO","mg/m³","14/09/2022","02","0.33","1"
"Potenza_Viale_Firenze","CO","mg/m³","14/09/2022","03","0.27","1"
"Potenza_Viale_Firenze","CO","mg/m³","14/09/2022","04","0.28","1"
"Potenza_Viale_Firenze","CO","mg/m³","14/09/2022","05","0.37","1"
"Potenza_Viale_Firenze","CO","mg/m³","14/09/2022","06","0.42","1"
"Potenza_Viale_Firenze","CO","mg/m³","14/09/2022","07","1.08","1"
"Potenza_Viale_Firenze","CO","mg/m³","14/09/2022","08","1.00","1"
"Potenza_Viale_Firenze","CO","mg/m³","14/09/2022","09","0.57","1"
"Potenza_Viale_Firenze","CO","mg/m³","14/09/2022","10","0.50","1"
"Potenza_Viale_Firenze","CO","mg/m³","14/09/2022","11","0.43","1"
"Potenza_Viale_Firenze","CO","mg/m³","14/09/2022","12","0.41","1"
"Potenza_Viale_Firenze","CO","mg/m³","14/09/2022","13","0.43","1"
"Potenza_Viale_Firenze","CO","mg/m³","14/09/2022","14","0.39","1"
"Potenza_Viale_Firenze","CO","mg/m³","14/09/2022","15","0.35","-1"
"Potenza_Viale_Firenze","CO","mg/m³","14/09/2022","16","0.35","1"
"Potenza_Viale_Firenze","CO","mg/m³","14/09/2022","17","0.38","1"
"Potenza_Viale_Firenze","CO","mg/m³","14/09/2022","18","0.40","1"
"Potenza_Viale_Firenze","CO","mg/m³","14/09/2022","19","0.43","1"
"Potenza_Viale_Firenze","CO","mg/m³","14/09/2022","20","0.48","1"
"Potenza_Viale_Firenze","CO","mg/m³","14/09/2022","21","0.45","1"
"Potenza_Viale_Firenze","CO","mg/m³","14/09/2022","22","0.38","1"
"Potenza_Viale_Firenze","CO","mg/m³","14/09/2022","23","0.37","1"
"Potenza_Viale_Firenze","CO","mg/m³","14/09/2022","24","0.35","1"
"Potenza_Viale_Firenze","CO","mg/m³","15/09/2022","01","0.29","1"
"Potenza_Viale_Firenze","CO","mg/m³","15/09/2022","02","0.28","1"
"Potenza_Viale_Firenze","CO","mg/m³","15/09/2022","03","0.25","1"
"Potenza_Viale_Firenze","CO","mg/m³","15/09/2022","04","0.24","1"
"Potenza_Viale_Firenze","CO","mg/m³","15/09/2022","05","0.29","1"
"Potenza_Viale_Firenze","CO","mg/m³","15/09/2022","06","0.44","1"
"Potenza_Viale_Firenze","CO","mg/m³","15/09/2022","07","1.04","1"
"Potenza_Viale_Firenze","CO","mg/m³","15/09/2022","08","0.70","1"
"Potenza_Viale_Firenze","CO","mg/m³","15/09/2022","09","0.60","1"
"Potenza_Viale_Firenze","CO","mg/m³","15/09/2022","10","0.52","1"
"Potenza_Viale_Firenze","CO","mg/m³","15/09/2022","11","0.48","1"
"Potenza_Viale_Firenze","CO","mg/m³","15/09/2022","12","0.43","1"
"Potenza_Viale_Firenze","CO","mg/m³","15/09/2022","13","0.39","1"
"Potenza_Viale_Firenze","CO","mg/m³","15/09/2022","14","0.33","-1"
"Potenza_Viale_Firenze","CO","mg/m³","15/09/2022","15","0.35","1"
"Potenza_Viale_Firenze","CO","mg/m³","15/09/2022","16","0.42","1"
"Potenza_Viale_Firenze","CO","mg/m³","15/09/2022","17","0.36","1"
"Potenza_Viale_Firenze","CO","mg/m³","15/09/2022","18","0.53","1"
"Potenza_Viale_Firenze","CO","mg/m³","15/09/2022","19","0.78","1"
"Potenza_Viale_Firenze","CO","mg/m³","15/09/2022","20","0.86","1"
"Potenza_Viale_Firenze","CO","mg/m³","15/09/2022","21","0.63","1"
"Potenza_Viale_Firenze","CO","mg/m³","15/09/2022","22","0.56","1"
"Potenza_Viale_Firenze","CO","mg/m³","15/09/2022","23","0.42","1"
"Potenza_Viale_Firenze","CO","mg/m³","15/09/2022","24","0.43","1"
"Potenza_Viale_Firenze","CO","mg/m³","16/09/2022","01","0.32","1"
"Potenza_Viale_Firenze","CO","mg/m³","16/09/2022","02","0.27","1"
"Potenza_Viale_Firenze","CO","mg/m³","16/09/2022","03","0.30","1"
"Potenza_Viale_Firenze","CO","mg/m³","16/09/2022","04","0.25","1"
"Potenza_Viale_Firenze","CO","mg/m³","16/09/2022","05","0.31","1"
"Potenza_Viale_Firenze","CO","mg/m³","16/09/2022","06","0.52","1"
"Potenza_Viale_Firenze","CO","mg/m³","16/09/2022","07","0.83","1"
"Potenza_Viale_Firenze","CO","mg/m³","16/09/2022","08","0.63","1"
"Potenza_Viale_Firenze","CO","mg/m³","16/09/2022","09","0.55","1"
"Potenza_Viale_Firenze","CO","mg/m³","16/09/2022","10","0.56","1"
"Potenza_Viale_Firenze","CO","mg/m³","16/09/2022","11","0.48","1"
"Potenza_Viale_Firenze","CO","mg/m³","16/09/2022","12","0.46","1"
"Potenza_Viale_Firenze","CO","mg/m³","16/09/2022","13","0.46","-1"
"Potenza_Viale_Firenze","CO","mg/m³","16/09/2022","14","0.36","1"
"Potenza_Viale_Firenze","CO","mg/m³","16/09/2022","15","0.31","1"
"Potenza_Viale_Firenze","CO","mg/m³","16/09/2022","16","0.42","1"
"Potenza_Viale_Firenze","CO","mg/m³","16/09/2022","17","0.38","1"
"Potenza_Viale_Firenze","CO","mg/m³","16/09/2022","18","0.34","1"
"Potenza_Viale_Firenze","CO","mg/m³","16/09/2022","19","0.35","1"
"Potenza_Viale_Firenze","CO","mg/m³","16/09/2022","20","0.45","1"
"Potenza_Viale_Firenze","CO","mg/m³","16/09/2022","21","0.32","1"
"Potenza_Viale_Firenze","CO","mg/m³","16/09/2022","22","0.32","1"
"Potenza_Viale_Firenze","CO","mg/m³","16/09/2022","23","0.32","1"
"Potenza_Viale_Firenze","CO","mg/m³","16/09/2022","24","0.28","1"
"Potenza_Viale_Firenze","CO","mg/m³","17/09/2022","01","0.24","1"
"Potenza_Viale_Firenze","CO","mg/m³","17/09/2022","02","0.23","1"
"Potenza_Viale_Firenze","CO","mg/m³","17/09/2022","03","0.22","1"
"Potenza_Viale_Firenze","CO","mg/m³","17/09/2022","04","0.23","1"
"Potenza_Viale_Firenze","CO","mg/m³","17/09/2022","05","0.26","1"
"Potenza_Viale_Firenze","CO","mg/m³","17/09/2022","06","0.27","1"
"Potenza_Viale_Firenze","CO","mg/m³","17/09/2022","07","0.44","1"
"Potenza_Viale_Firenze","CO","mg/m³","17/09/2022","08","0.57","1"
"Potenza_Viale_Firenze","CO","mg/m³","17/09/2022","09","0.45","1"
"Potenza_Viale_Firenze","CO","mg/m³","17/09/2022","10","0.44","1"
"Potenza_Viale_Firenze","CO","mg/m³","17/09/2022","11","0.44","1"
"Potenza_Viale_Firenze","CO","mg/m³","17/09/2022","12","0.37","-1"
"Potenza_Viale_Firenze","CO","mg/m³","17/09/2022","13","0.36","1"
"Potenza_Viale_Firenze","CO","mg/m³","17/09/2022","14","0.28","1"
"Potenza_Viale_Firenze","CO","mg/m³","17/09/2022","15","0.26","1"
"Potenza_Viale_Firenze","CO","mg/m³","17/09/2022","16","0.28","1"
"Potenza_Viale_Firenze","CO","mg/m³","17/09/2022","17","0.29","1"
"Potenza_Viale_Firenze","CO","mg/m³","17/09/2022","18","0.35","1"
"Potenza_Viale_Firenze","CO","mg/m³","17/09/2022","19","0.38","1"
"Potenza_Viale_Firenze","CO","mg/m³","17/09/2022","20","0.37","1"
"Potenza_Viale_Firenze","CO","mg/m³","17/09/2022","21","0.30","1"
"Potenza_Viale_Firenze","CO","mg/m³","17/09/2022","22","0.30","1"
"Potenza_Viale_Firenze","CO","mg/m³","17/09/2022","23","0.27","1"
"Potenza_Viale_Firenze","CO","mg/m³","17/09/2022","24","0.28","1"
"Potenza_Viale_Firenze","CO","mg/m³","18/09/2022","01","0.24","1"
"Potenza_Viale_Firenze","CO","mg/m³","18/09/2022","02","0.24","1"
"Potenza_Viale_Firenze","CO","mg/m³","18/09/2022","03","0.23","1"
"Potenza_Viale_Firenze","CO","mg/m³","18/09/2022","04","0.23","1"
"Potenza_Viale_Firenze","CO","mg/m³","18/09/2022","05","0.23","1"
"Potenza_Viale_Firenze","CO","mg/m³","18/09/2022","06","0.26","1"
"Potenza_Viale_Firenze","CO","mg/m³","18/09/2022","07","0.28","1"
"Potenza_Viale_Firenze","CO","mg/m³","18/09/2022","08","0.30","1"
"Potenza_Viale_Firenze","CO","mg/m³","18/09/2022","09","0.29","1"
"Potenza_Viale_Firenze","CO","mg/m³","18/09/2022","10","0.32","1"
"Potenza_Viale_Firenze","CO","mg/m³","18/09/2022","11","0.37","-1"
"Potenza_Viale_Firenze","CO","mg/m³","18/09/2022","12","0.39","1"
"Potenza_Viale_Firenze","CO","mg/m³","18/09/2022","13","0.34","1"
"Potenza_Viale_Firenze","CO","mg/m³","18/09/2022","14","0.29","1"
"Potenza_Viale_Firenze","CO","mg/m³","18/09/2022","15","0.29","1"
"Potenza_Viale_Firenze","CO","mg/m³","18/09/2022","16","0.31","1"
"Potenza_Viale_Firenze","CO","mg/m³","18/09/2022","17","0.35","1"
"Potenza_Viale_Firenze","CO","mg/m³","18/09/2022","18","0.40","1"
"Potenza_Viale_Firenze","CO","mg/m³","18/09/2022","19","0.46","1"
"Potenza_Viale_Firenze","CO","mg/m³","18/09/2022","20","0.67","1"
"Potenza_Viale_Firenze","CO","mg/m³","18/09/2022","21","0.62","1"
"Potenza_Viale_Firenze","CO","mg/m³","18/09/2022","22","0.54","1"
"Potenza_Viale_Firenze","CO","mg/m³","18/09/2022","23","0.48","1"
"Potenza_Viale_Firenze","CO","mg/m³","18/09/2022","24","0.42","1"
"Potenza_Viale_Firenze","CO","mg/m³","19/09/2022","01","0.47","1"
"Potenza_Viale_Firenze","CO","mg/m³","19/09/2022","02","0.40","1"
"Potenza_Viale_Firenze","CO","mg/m³","19/09/2022","03","0.39","1"
"Potenza_Viale_Firenze","CO","mg/m³","19/09/2022","04","0.35","1"
"Potenza_Viale_Firenze","CO","mg/m³","19/09/2022","05","0.41","1"
"Potenza_Viale_Firenze","CO","mg/m³","19/09/2022","06","0.55","1"
"Potenza_Viale_Firenze","CO","mg/m³","19/09/2022","07","0.69","1"
"Potenza_Viale_Firenze","CO","mg/m³","19/09/2022","08","0.42","1"
"Potenza_Viale_Firenze","CO","mg/m³","19/09/2022","09","0.37","1"
"Potenza_Viale_Firenze","CO","mg/m³","19/09/2022","10","0.38","-1"
"Potenza_Viale_Firenze","CO","mg/m³","19/09/2022","11","0.35","1"
"Potenza_Viale_Firenze","CO","mg/m³","19/09/2022","12","0.38","1"
"Potenza_Viale_Firenze","CO","mg/m³","19/09/2022","13","0.38","1"
"Potenza_Viale_Firenze","CO","mg/m³","19/09/2022","14","0.32","1"
"Potenza_Viale_Firenze","CO","mg/m³","19/09/2022","15","0.31","1"
"Potenza_Viale_Firenze","CO","mg/m³","19/09/2022","16","0.35","1"
"Potenza_Viale_Firenze","CO","mg/m³","19/09/2022","17","0.40","1"
"Potenza_Viale_Firenze","CO","mg/m³","19/09/2022","18","0.39","1"
"Potenza_Viale_Firenze","CO","mg/m³","19/09/2022","19","0.52","1"
"Potenza_Viale_Firenze","CO","mg/m³","19/09/2022","20","0.47","1"
"Potenza_Viale_Firenze","CO","mg/m³","19/09/2022","21","0.52","1"
"Potenza_Viale_Firenze","CO","mg/m³","19/09/2022","22","0.42","1"
"Potenza_Viale_Firenze","CO","mg/m³","19/09/2022","23","0.42","1"
"Potenza_Viale_Firenze","CO","mg/m³","19/09/2022","24","0.38","1"
"Potenza_Viale_Firenze","CO","mg/m³","20/09/2022","01","0.33","1"
"Potenza_Viale_Firenze","CO","mg/m³","20/09/2022","02","0.31","1"
"Potenza_Viale_Firenze","CO","mg/m³","20/09/2022","03","0.27","1"
"Potenza_Viale_Firenze","CO","mg/m³","20/09/2022","04","0.28","1"
"Potenza_Viale_Firenze","CO","mg/m³","20/09/2022","05","0.31","1"
"Potenza_Viale_Firenze","CO","mg/m³","20/09/2022","06","0.41","1"
"Potenza_Viale_Firenze","CO","mg/m³","20/09/2022","07","0.90","1"
"Potenza_Viale_Firenze","CO","mg/m³","20/09/2022","08","1.12","1"
"Potenza_Viale_Firenze","CO","mg/m³","20/09/2022","09","0.57","-1"
"Potenza_Viale_Firenze","CO","mg/m³","20/09/2022","10","0.35","1"
"Potenza_Viale_Firenze","CO","mg/m³","20/09/2022","11","0.41","1"
"Potenza_Viale_Firenze","CO","mg/m³","20/09/2022","12","0.44","1"
"Potenza_Viale_Firenze","CO","mg/m³","20/09/2022","13","0.44","1"
"Potenza_Viale_Firenze","CO","mg/m³","20/09/2022","14","0.35","1"
"Potenza_Viale_Firenze","CO","mg/m³","20/09/2022","15","0.35","1"
"Potenza_Viale_Firenze","CO","mg/m³","20/09/2022","16","0.39","1"
"Potenza_Viale_Firenze","CO","mg/m³","20/09/2022","17","0.49","1"
"Potenza_Viale_Firenze","CO","mg/m³","20/09/2022","18","0.54","1"
"Potenza_Viale_Firenze","CO","mg/m³","20/09/2022","19","0.51","1"
"Potenza_Viale_Firenze","CO","mg/m³","20/09/2022","20","0.43","1"
"Potenza_Viale_Firenze","CO","mg/m³","20/09/2022","21","0.33","1"
"Potenza_Viale_Firenze","CO","mg/m³","20/09/2022","22","0.31","1"
"Potenza_Viale_Firenze","CO","mg/m³","20/09/2022","23","0.31","1"
"Potenza_Viale_Firenze","CO","mg/m³","20/09/2022","24","0.27","1"
"Potenza_Viale_Firenze","CO","mg/m³","21/09/2022","01","0.25","1"
"Potenza_Viale_Firenze","CO","mg/m³","21/09/2022","02","0.24","1"
"Potenza_Viale_Firenze","CO","mg/m³","21/09/2022","03","0.23","1"
"Potenza_Viale_Firenze","CO","mg/m³","21/09/2022","04","0.23","1"
"Potenza_Viale_Firenze","CO","mg/m³","21/09/2022","05","0.24","1"
"Potenza_Viale_Firenze","CO","mg/m³","21/09/2022","06","0.32","1"
"Potenza_Viale_Firenze","CO","mg/m³","21/09/2022","07","0.53","1"
"Potenza_Viale_Firenze","CO","mg/m³","21/09/2022","08","0.56","-1"
"Potenza_Viale_Firenze","CO","mg/m³","21/09/2022","09","0.51","1"
"Potenza_Viale_Firenze","CO","mg/m³","21/09/2022","10","0.43","1"
"Potenza_Viale_Firenze","CO","mg/m³","21/09/2022","11","0.38","1"
"Potenza_Viale_Firenze","CO","mg/m³","21/09/2022","12","0.40","1"
"Potenza_Viale_Firenze","CO","mg/m³","21/09/2022","13","0.46","1"
"Potenza_Viale_Firenze","CO","mg/m³","21/09/2022","14","0.36","1"
"Potenza_Viale_Firenze","CO","mg/m³","21/09/2022","15","0.34","1"
"Potenza_Viale_Firenze","CO","mg/m³","21/09/2022","16","0.34","1"
"Potenza_Viale_Firenze","CO","mg/m³","21/09/2022","17","0.42","1"
"Potenza_Viale_Firenze","CO","mg/m³","21/09/2022","18","0.52","1"
"Potenza_Viale_Firenze","CO","mg/m³","21/09/2022","19","0.50","1"
"Potenza_Viale_Firenze","CO","mg/m³","21/09/2022","20","0.38","1"
"Potenza_Viale_Firenze","CO","mg/m³","21/09/2022","21","0.40","1"
"Potenza_Viale_Firenze","CO","mg/m³","21/09/2022","22","0.35","1"
"Potenza_Viale_Firenze","CO","mg/m³","21/09/2022","23","0.34","1"
"Potenza_Viale_Firenze","CO","mg/m³","21/09/2022","24","0.35","1"
"Potenza_Viale_Firenze","CO","mg/m³","22/09/2022","01","0.28","1"
"Potenza_Viale_Firenze","CO","mg/m³","22/09/2022","02","0.28","1"
"Potenza_Viale_Firenze","CO","mg/m³","22/09/2022","03","0.27","1"
"Potenza_Viale_Firenze","CO","mg/m³","22/09/2022","04","0.25","1"
"Potenza_Viale_Firenze","CO","mg/m³","22/09/2022","05","0.29","1"
"Potenza_Viale_Firenze","CO","mg/m³","22/09/2022","06","0.37","1"
"Potenza_Viale_Firenze","CO","mg/m³","22/09/2022","07","0.51","-1"
"Potenza_Viale_Firenze","CO","mg/m³","22/09/2022","08","0.73","1"
"Potenza_Viale_Firenze","CO","mg/m³","22/09/2022","09","0.45","1"
"Potenza_Viale_Firenze","CO","mg/m³","22/09/2022","10","0.41","1"
"Potenza_Viale_Firenze","CO","mg/m³","22/09/2022","11","0.39","1"
"Potenza_Viale_Firenze","CO","mg/m³","22/09/2022","12","0.40","1"
"Potenza_Viale_Firenze","CO","mg/m³","22/09/2022","13","0.47","1"
"Potenza_Viale_Firenze","CO","mg/m³","22/09/2022","14","0.39","1"
"Potenza_Viale_Firenze","CO","mg/m³","22/09/2022","15","0.36","1"
"Potenza_Viale_Firenze","CO","mg/m³","22/09/2022","16","0.41","1"
"Potenza_Viale_Firenze","CO","mg/m³","22/09/2022","17","0.53","1"
"Potenza_Viale_Firenze","CO","mg/m³","22/09/2022","18","0.55","1"
"Potenza_Viale_Firenze","CO","mg/m³","22/09/2022","19","0.55","1"
"Potenza_Viale_Firenze","CO","mg/m³","22/09/2022","20","0.46","1"
"Potenza_Viale_Firenze","CO","mg/m³","22/09/2022","21","0.31","1"
"Potenza_Viale_Firenze","CO","mg/m³","22/09/2022","22","0.35","1"
"Potenza_Viale_Firenze","CO","mg/m³","22/09/2022","23","0.37","1"
"Potenza_Viale_Firenze","CO","mg/m³","22/09/2022","24","0.32","1"
"Potenza_Viale_Firenze","CO","mg/m³","23/09/2022","01","0.33","1"
"Potenza_Viale_Firenze","CO","mg/m³","23/09/2022","02","0.32","1"
"Potenza_Viale_Firenze","CO","mg/m³","23/09/2022","03","0.27","1"
"Potenza_Viale_Firenze","CO","mg/m³","23/09/2022","04","0.28","1"
"Potenza_Viale_Firenze","CO","mg/m³","23/09/2022","05","0.31","1"
"Potenza_Viale_Firenze","CO","mg/m³","23/09/2022","06","0.44","-1"
"Potenza_Viale_Firenze","CO","mg/m³","23/09/2022","07","0.94","1"
"Potenza_Viale_Firenze","CO","mg/m³","23/09/2022","08","0.67","1"
"Potenza_Viale_Firenze","CO","mg/m³","23/09/2022","09","0.47","1"
"Potenza_Viale_Firenze","CO","mg/m³","23/09/2022","10","0.45","1"
"Potenza_Viale_Firenze","CO","mg/m³","23/09/2022","11","0.41","1"
"Potenza_Viale_Firenze","CO","mg/m³","23/09/2022","12","0.43","1"
"Potenza_Viale_Firenze","CO","mg/m³","23/09/2022","13","0.40","1"
"Potenza_Viale_Firenze","CO","mg/m³","23/09/2022","14","0.36","1"
"Potenza_Viale_Firenze","CO","mg/m³","23/09/2022","15","0.36","1"
"Potenza_Viale_Firenze","CO","mg/m³","23/09/2022","16","0.40","1"
"Potenza_Viale_Firenze","CO","mg/m³","23/09/2022","17","0.49","1"
"Potenza_Viale_Firenze","CO","mg/m³","23/09/2022","18","0.61","1"
"Potenza_Viale_Firenze","CO","mg/m³","23/09/2022","19","0.56","1"
"Potenza_Viale_Firenze","CO","mg/m³","23/09/2022","20","0.50","1"
"Potenza_Viale_Firenze","CO","mg/m³","23/09/2022","21","0.54","1"
"Potenza_Viale_Firenze","CO","mg/m³","23/09/2022","22","0.59","1"
"Potenza_Viale_Firenze","CO","mg/m³","23/09/2022","23","0.53","1"
"Potenza_Viale_Firenze","CO","mg/m³","23/09/2022","24","0.51","1"
"Potenza_Viale_Firenze","CO","mg/m³","24/09/2022","01","0.41","1"
"Potenza_Viale_Firenze","CO","mg/m³","24/09/2022","02","0.37","1"
"Potenza_Viale_Firenze","CO","mg/m³","24/09/2022","03","0.35","1"
"Potenza_Viale_Firenze","CO","mg/m³","24/09/2022","04","0.35","1"
"Potenza_Viale_Firenze","CO","mg/m³","24/09/2022","05","0.33","-1"
"Potenza_Viale_Firenze","CO","mg/m³","24/09/2022","06","0.50","1"
"Potenza_Viale_Firenze","CO","mg/m³","24/09/2022","07","0.87","1"
"Potenza_Viale_Firenze","CO","mg/m³","24/09/2022","08","1.12","1"
"Potenza_Viale_Firenze","CO","mg/m³","24/09/2022","09","0.69","1"
"Potenza_Viale_Firenze","CO","mg/m³","24/09/2022","10","0.46","1"
"Potenza_Viale_Firenze","CO","mg/m³","24/09/2022","11","0.44","1"
"Potenza_Viale_Firenze","CO","mg/m³","24/09/2022","12","0.40","1"
"Potenza_Viale_Firenze","CO","mg/m³","24/09/2022","13","0.43","1"
"Potenza_Viale_Firenze","CO","mg/m³","24/09/2022","14","0.40","1"
"Potenza_Viale_Firenze","CO","mg/m³","24/09/2022","15","0.40","1"
"Potenza_Viale_Firenze","CO","mg/m³","24/09/2022","16","0.37","1"
"Potenza_Viale_Firenze","CO","mg/m³","24/09/2022","17","0.40","1"
"Potenza_Viale_Firenze","CO","mg/m³","24/09/2022","18","0.40","1"
"Potenza_Viale_Firenze","CO","mg/m³","24/09/2022","19","0.47","1"
"Potenza_Viale_Firenze","CO","mg/m³","24/09/2022","20","0.57","1"
"Potenza_Viale_Firenze","CO","mg/m³","24/09/2022","21","0.45","1"
"Potenza_Viale_Firenze","CO","mg/m³","24/09/2022","22","0.53","1"
"Potenza_Viale_Firenze","CO","mg/m³","24/09/2022","23","0.39","1"
"Potenza_Viale_Firenze","CO","mg/m³","24/09/2022","24","0.47","1"
"Potenza_Viale_Firenze","CO","mg/m³","25/09/2022","01","0.38","1"
"Potenza_Viale_Firenze","CO","mg/m³","25/09/2022","02","0.29","1"
"Potenza_Viale_Firenze","CO","mg/m³","25/09/2022","03","0.27","1"
"Potenza_Viale_Firenze","CO","mg/m³","25/09/2022","04","0.26","-1"
"Potenza_Viale_Firenze","CO","mg/m³","25/09/2022","05","0.29","1"
"Potenza_Viale_Firenze","CO","mg/m³","25/09/2022","06","0.34","1"
"Potenza_Viale_Firenze","CO","mg/m³","25/09/2022","07","0.44","1"
"Potenza_Viale_Firenze","CO","mg/m³","25/09/2022","08","0.42","1"
"Potenza_Viale_Firenze","CO","mg/m³","25/09/2022","09","0.39","1"
"Potenza_Viale_Firenze","CO","mg/m³","25/09/2022","10","0.40","1"
"Potenza_Viale_Firenze","CO","mg/m³","25/09/2022","11","0.41","1"
"Potenza_Viale_Firenze","CO","mg/m³","25/09/2022","12","0.40","1"
"Potenza_Viale_Firenze","CO","mg/m³","25/09/2022","13","0.33","1"
"Potenza_Viale_Firenze","CO","mg/m³","25/09/2022","14","0.29","1"
"Potenza_Viale_Firenze","CO","mg/m³","25/09/2022","15","0.33","1"
"Potenza_Viale_Firenze","CO","mg/m³","25/09/2022","16","0.33","1"
"Potenza_Viale_Firenze","CO","mg/m³","25/09/2022","17","0.36","1"
"Potenza_Viale_Firenze","CO","mg/m³","25/09/2022","18","0.38","1"
"Potenza_Viale_Firenze","CO","mg/m³","25/09/2022","19","0.37","1"
"Potenza_Viale_Firenze","CO","mg/m³","25/09/2022","20","0.47","1"
"Potenza_Viale_Firenze","CO","mg/m³","25/09/2022","21","0.47","1"
"Potenza_Viale_Firenze","CO","mg/m³","25/09/2022","22","0.50","1"
"Potenza_Viale_Firenze","CO","mg/m³","25/09/2022","23","0.50","1"
"Potenza_Viale_Firenze","CO","mg/m³","25/09/2022","24","0.37","1"
"Potenza_Viale_Firenze","CO","mg/m³","26/09/2022","01","0.34","1"
"Potenza_Viale_Firenze","CO","mg/m³","26/09/2022","02","0.28","1"
"Potenza_Viale_Firenze","CO","mg/m³","26/09/2022","03","0.27","-1"
"Potenza_Viale_Firenze","CO","mg/m³","26/09/2022","04","0.25","1"
"Potenza_Viale_Firenze","CO","mg/m³","26/09/2022","05","0.26","1"
"Potenza_Viale_Firenze","CO","mg/m³","26/09/2022","06","0.36","1"
"Potenza_Viale_Firenze","CO","mg/m³","26/09/2022","07","0.43","1"
"Potenza_Viale_Firenze","CO","mg/m³","26/09/2022","08","0.62","1"
"Potenza_Viale_Firenze","CO","mg/m³","26/09/2022","09","0.75","1"
"Potenza_Viale_Firenze","CO","mg/m³","26/09/2022","10","0.58","1"
"Potenza_Viale_Firenze","CO","mg/m³","26/09/2022","11","0.64","1"
"Potenza_Viale_Firenze","CO","mg/m³","26/09/2022","12","0.48","1"
"Potenza_Viale_Firenze","CO","mg/m³","26/09/2022","13","0.55","1"
"Potenza_Viale_Firenze","CO","mg/m³","26/09/2022","14","0.37","1"
"Potenza_Viale_Firenze","CO","mg/m³","26/09/2022","15","0.44","1"
"Potenza_Viale_Firenze","CO","mg/m³","26/09/2022","16","0.44","1"
"Potenza_Viale_Firenze","CO","mg/m³","26/09/2022","17","0.46","1"
"Potenza_Viale_Firenze","CO","mg/m³","26/09/2022","18","0.50","1"
"Potenza_Viale_Firenze","CO","mg/m³","26/09/2022","19","0.57","1"
"Potenza_Viale_Firenze","CO","mg/m³","26/09/2022","20","0.36","1"
"Potenza_Viale_Firenze","CO","mg/m³","26/09/2022","21","0.35","1"
"Potenza_Viale_Firenze","CO","mg/m³","26/09/2022","22","0.36","1"
"Potenza_Viale_Firenze","CO","mg/m³","26/09/2022","23","0.32","1"
"Potenza_Viale_Firenze","CO","mg/m³","26/09/2022","24","0.36","1"
"Potenza_Viale_Firenze","CO","mg/m³","27/09/2022","01","0.30","1"
"Potenza_Viale_Firenze","CO","mg/m³","27/09/2022","02","0.32","-1"
"Potenza_Viale_Firenze","CO","mg/m³","27/09/2022","03","0.26","1"
"Potenza_Viale_Firenze","CO","mg/m³","27/09/2022","04","0.25","1"
"Potenza_Viale_Firenze","CO","mg/m³","27/09/2022","05","0.27","1"
"Potenza_Viale_Firenze","CO","mg/m³","27/09/2022","06","0.37","1"
"Potenza_Viale_Firenze","CO","mg/m³","27/09/2022","07","0.67","1"
"Potenza_Viale_Firenze","CO","mg/m³","27/09/2022","08","0.60","1"
"Potenza_Viale_Firenze","CO","mg/m³","27/09/2022","09","0.42","1"
"Potenza_Viale_Firenze","CO","mg/m³","27/09/2022","10","0.38","1"
"Potenza_Viale_Firenze","CO","mg/m³","27/09/2022","11","0.38","1"
"Potenza_Viale_Firenze","CO","mg/m³","27/09/2022","12","0.39","1"
"Potenza_Viale_Firenze","CO","mg/m³","27/09/2022","13","0.43","1"
"Potenza_Viale_Firenze","CO","mg/m³","27/09/2022","14","0.36","1"
"Potenza_Viale_Firenze","CO","mg/m³","27/09/2022","15","0.36","1"
"Potenza_Viale_Firenze","CO","mg/m³","27/09/2022","16","0.39","1"
"Potenza_Viale_Firenze","CO","mg/m³","27/09/2022","17","0.40","1"
"Potenza_Viale_Firenze","CO","mg/m³","27/09/2022","18","0.42","1"
"Potenza_Viale_Firenze","CO","mg/m³","27/09/2022","19","0.52","1"
"Potenza_Viale_Firenze","CO","mg/m³","27/09/2022","20","0.49","1"
"Potenza_Viale_Firenze","CO","mg/m³","27/09/2022","21","0.38","1"
"Potenza_Viale_Firenze","CO","mg/m³","27/09/2022","22","0.35","1"
"Potenza_Viale_Firenze","CO","mg/m³","27/09/2022","23","0.29","1"
"Potenza_Viale_Firenze","CO","mg/m³","27/09/2022","24","0.29","1"
"Potenza_Viale_Firenze","CO","mg/m³","28/09/2022","01","0.26","-1"
"Potenza_Viale_Firenze","CO","mg/m³","28/09/2022","02","0.25","1"
"Potenza_Viale_Firenze","CO","mg/m³","28/09/2022","03","0.24","1"
"Potenza_Viale_Firenze","CO","mg/m³","28/09/2022","04","0.23","1"
"Potenza_Viale_Firenze","CO","mg/m³","28/09/2022","05","0.26","1"
"Potenza_Viale_Firenze","CO","mg/m³","28/09/2022","06","0.33","1"
"Potenza_Viale_Firenze","CO","mg/m³","28/09/2022","07","0.56","1"
"Potenza_Viale_Firenze","CO","mg/m³","28/09/2022","08","0.54","1"
"Potenza_Viale_Firenze","CO","mg/m³","28/09/2022","09","0.45","1"
"Potenza_Viale_Firenze","CO","mg/m³","28/09/2022","10","0.42","1"
"Potenza_Viale_Firenze","CO","mg/m³","28/09/2022","11","0.41","1"
"Potenza_Viale_Firenze","CO","mg/m³","28/09/2022","12","0.40","1"
"Potenza_Viale_Firenze","CO","mg/m³","28/09/2022","13","0.43","1"
"Potenza_Viale_Firenze","CO","mg/m³","28/09/2022","14","0.41","1"
"Potenza_Viale_Firenze","CO","mg/m³","28/09/2022","15","0.35","1"
"Potenza_Viale_Firenze","CO","mg/m³","28/09/2022","16","0.37","1"
"Potenza_Viale_Firenze","CO","mg/m³","28/09/2022","17","0.39","1"
"Potenza_Viale_Firenze","CO","mg/m³","28/09/2022","18","0.44","1"
"Potenza_Viale_Firenze","CO","mg/m³","28/09/2022","19","0.48","1"
"Potenza_Viale_Firenze","CO","mg/m³","28/09/2022","20","0.56","1"
"Potenza_Viale_Firenze","CO","mg/m³","28/09/2022","21","0.34","1"
"Potenza_Viale_Firenze","CO","mg/m³","28/09/2022","22","0.28","1"
"Potenza_Viale_Firenze","CO","mg/m³","28/09/2022","23","0.26","1"
"Potenza_Viale_Firenze","CO","mg/m³","28/09/2022","24","0.26","-1"
"Potenza_Viale_Firenze","CO","mg/m³","29/09/2022","01","0.25","1"
"Potenza_Viale_Firenze","CO","mg/m³","29/09/2022","02","0.28","1"
"Potenza_Viale_Firenze","CO","mg/m³","29/09/2022","03","0.24","1"
"Potenza_Viale_Firenze","CO","mg/m³","29/09/2022","04","0.24","1"
"Potenza_Viale_Firenze","CO","mg/m³","29/09/2022","05","0.31","1"
"Potenza_Viale_Firenze","CO","mg/m³","29/09/2022","06","0.37","1"
"Potenza_Viale_Firenze","CO","mg/m³","29/09/2022","07","0.65","1"
"Potenza_Viale_Firenze","CO","mg/m³","29/09/2022","08","0.66","1"
"Potenza_Viale_Firenze","CO","mg/m³","29/09/2022","09","0.48","1"
"Potenza_Viale_Firenze","CO","mg/m³","29/09/2022","10","0.54","1"
"Potenza_Viale_Firenze","CO","mg/m³","29/09/2022","11","0.40","1"
"Potenza_Viale_Firenze","CO","mg/m³","29/09/2022","12","0.42","1"
"Potenza_Viale_Firenze","CO","mg/m³","29/09/2022","13","0.47","1"
"Potenza_Viale_Firenze","CO","mg/m³","29/09/2022","14","0.36","1"
"Potenza_Viale_Firenze","CO","mg/m³","29/09/2022","15","0.36","1"
"Potenza_Viale_Firenze","CO","mg/m³","29/09/2022","16","0.36","1"
"Potenza_Viale_Firenze","CO","mg/m³","29/09/2022","17","0.43","1"
"Potenza_Viale_Firenze","CO","mg/m³","29/09/2022","18","0.51","1"
"Potenza_Viale_Firenze","CO","mg/m³","29/09/2022","19","0.55","1"
"Potenza_Viale_Firenze","CO","mg/m³","29/09/2022","20","0.62","1"
"Potenza_Viale_Firenze","CO","mg/m³","29/09/2022","21","0.41","1"
"Potenza_Viale_Firenze","CO","mg/m³","29/09/2022","22","0.39","1"
"Potenza_Viale_Firenze","CO","mg/m³","29/09/2022","23","0.32","-1"
"Potenza_Viale_Firenze","CO","mg/m³","29/09/2022","24","0.37","1"
"Potenza_Viale_Firenze","CO","mg/m³","30/09/2022","01","0.28","1"
"Potenza_Viale_Firenze","CO","mg/m³","30/09/2022","02","0.28","1"
"Potenza_Viale_Firenze","CO","mg/m³","30/09/2022","03","0.27","1"
"Potenza_Viale_Firenze","CO","mg/m³","30/09/2022","04","0.25","1"
"Potenza_Viale_Firenze","CO","mg/m³","30/09/2022","05","0.35","1"
"Potenza_Viale_Firenze","CO","mg/m³","30/09/2022","06","0.48","1"
"Potenza_Viale_Firenze","CO","mg/m³","30/09/2022","07","0.99","1"
"Potenza_Viale_Firenze","CO","mg/m³","30/09/2022","08","1.22","1"
"Potenza_Viale_Firenze","CO","mg/m³","30/09/2022","09","0.78","1"
"Potenza_Viale_Firenze","CO","mg/m³","30/09/2022","10","0.60","1"
"Potenza_Viale_Firenze","CO","mg/m³","30/09/2022","11","0.51","1"
"Potenza_Viale_Firenze","CO","mg/m³","30/09/2022","12","0.56","1"
"Potenza_Viale_Firenze","CO","mg/m³","30/09/2022","13","0.52","1"
"Potenza_Viale_Firenze","CO","mg/m³","30/09/2022","14","0.45","1"
"Potenza_Viale_Firenze","CO","mg/m³","30/09/2022","15","0.45","1"
"Potenza_Viale_Firenze","CO","mg/m³","30/09/2022","16","0.44","1"
"Potenza_Viale_Firenze","CO","mg/m³","30/09/2022","17","0.49","1"
"Potenza_Viale_Firenze","CO","mg/m³","30/09/2022","18","0.52","1"
"Potenza_Viale_Firenze","CO","mg/m³","30/09/2022","19","0.54","1"
"Potenza_Viale_Firenze","CO","mg/m³","30/09/2022","20","0.50","1"
"Potenza_Viale_Firenze","CO","mg/m³","30/09/2022","21","0.50","1"
"Potenza_Viale_Firenze","CO","mg/m³","30/09/2022","22","0.43","-1"
"Potenza_Viale_Firenze","CO","mg/m³","30/09/2022","23","0.42","1"
"Potenza_Viale_Firenze","CO","mg/m³","30/09/2022","24","0.31","1"
"Potenza_Viale_Firenze","CO","mg/m³","01/10/2022","01","0.30","1"
"Potenza_Viale_Firenze","CO","mg/m³","01/10/2022","02","0.26","1"
"Potenza_Viale_Firenze","CO","mg/m³","01/10/2022","03","0.26","1"
"Potenza_Viale_Firenze","CO","mg/m³","01/10/2022","04","0.28","1"
"Potenza_Viale_Firenze","CO","mg/m³","01/10/2022","05","0.31","1"
"Potenza_Viale_Firenze","CO","mg/m³","01/10/2022","06","0.57","1"
"Potenza_Viale_Firenze","CO","mg/m³","01/10/2022","07","0.49","1"
"Potenza_Viale_Firenze","CO","mg/m³","01/10/2022","08","1.10","1"
"Potenza_Viale_Firenze","CO","mg/m³","01/10/2022","09","0.56","1"
"Potenza_Viale_Firenze","CO","mg/m³","01/10/2022","10","0.47","1"
"Potenza_Viale_Firenze","CO","mg/m³","01/10/2022","11","0.48","1"
"Potenza_Viale_Firenze","CO","mg/m³","01/10/2022","12","0.45","1"
"Potenza_Viale_Firenze","CO","mg/m³","01/10/2022","13","0.42","1"
"Potenza_Viale_Firenze","CO","mg/m³","01/10/2022","14","0.37","1"
"Potenza_Viale_Firenze","CO","mg/m³","01/10/2022","15","0.31","1"
"Potenza_Viale_Firenze","CO","mg/m³","01/10/2022","16","0.30","1"
"Potenza_Viale_Firenze","CO","mg/m³","01/10/2022","17","0.34","1"
"Potenza_Viale_Firenze","CO","mg/m³","01/10/2022","18","0.41","1"
"Potenza_Viale_Firenze","CO","mg/m³","01/10/2022","19","0.38","1"
"Potenza_Viale_Firenze","CO","mg/m³","01/10/2022","20","0.37","1"
"Potenza_Viale_Firenze","CO","mg/m³","01/10/2022","21","0.30","-1"
"Potenza_Viale_Firenze","CO","mg/m³","01/10/2022","22","0.30","1"
"Potenza_Viale_Firenze","CO","mg/m³","01/10/2022","23","0.31","1"
"Potenza_Viale_Firenze","CO","mg/m³","01/10/2022","24","0.32","1"
"Potenza_Viale_Firenze","CO","mg/m³","02/10/2022","01","0.31","1"
"Potenza_Viale_Firenze","CO","mg/m³","02/10/2022","02","0.29","1"
"Potenza_Viale_Firenze","CO","mg/m³","02/10/2022","03","0.32","1"
"Potenza_Viale_Firenze","CO","mg/m³","02/10/2022","04","0.27","1"
"Potenza_Viale_Firenze","CO","mg/m³","02/10/2022","05","0.29","1"
"Potenza_Viale_Firenze","CO","mg/m³","02/10/2022","06","0.31","1"
"Potenza_Viale_Firenze","CO","mg/m³","02/10/2022","07","0.31","1"
"Potenza_Viale_Firenze","CO","mg/m³","02/10/2022","08","0.30","1"
"Potenza_Viale_Firenze","CO","mg/m³","02/10/2022","09","0.32","1"
"Potenza_Viale_Firenze","CO","mg/m³","02/10/2022","10","0.37","1"
"Potenza_Viale_Firenze","CO","mg/m³","02/10/2022","11","0.38","1"
"Potenza_Viale_Firenze","CO","mg/m³","02/10/2022","12","0.37","1"
"Potenza_Viale_Firenze","CO","mg/m³","02/10/2022","13","0.37","1"
"Potenza_Viale_Firenze","CO","mg/m³","02/10/2022","14","0.32","1"
"Potenza_Viale_Firenze","CO","mg/m³","02/10/2022","15","0.30","1"
"Potenza_Viale_Firenze","CO","mg/m³","02/10/2022","16","0.29","1"
"Potenza_Viale_Firenze","CO","mg/m³","02/10/2022","17","0.30","1"
"Potenza_Viale_Firenze","CO","mg/m³","02/10/2022","18","0.37","1"
"Potenza_Viale_Firenze","CO","mg/m³","02/10/2022","19","0.33","1"
"Potenza_Viale_Firenze","CO","mg/m³","02/10/2022","20","0.44","-1"
"Potenza_Viale_Firenze","CO","mg/m³","02/10/2022","21","0.37","1"
"Potenza_Viale_Firenze","CO","mg/m³","02/10/2022","22","0.33","1"
"Potenza_Viale_Firenze","CO","mg/m³","02/10/2022","23","0.29","1"
"Potenza_Viale_Firenze","CO","mg/m³","02/10/2022","24","0.28","1"
"Potenza_Viale_Firenze","CO","mg/m³","03/10/2022","01","0.26","1"
"Potenza_Viale_Firenze","CO","mg/m³","03/10/2022","02","0.23","1"
"Potenza_Viale_Firenze","CO","mg/m³","03/10/2022","03","0.24","1"
"Potenza_Viale_Firenze","CO","mg/m³","03/10/2022","04","0.23","1"
"Potenza_Viale_Firenze","CO","mg/m³","03/10/2022","05","0.24","1"
"Potenza_Viale_Firenze","CO","mg/m³","03/10/2022","06","0.35","1"
"Potenza_Viale_Firenze","CO","mg/m³","03/10/2022","07","0.43","1"
"Potenza_Viale_Firenze","CO","mg/m³","03/10/2022","08","0.51","1"
"Potenza_Viale_Firenze","CO","mg/m³","03/10/2022","09","0.34","1"
"Potenza_Viale_Firenze","CO","mg/m³","03/10/2022","10","0.39","1"
"Potenza_Viale_Firenze","CO","mg/m³","03/10/2022","11","0.42","1"
"Potenza_Viale_Firenze","CO","mg/m³","03/10/2022","12","0.41","1"
"Potenza_Viale_Firenze","CO","mg/m³","03/10/2022","13","0.43","1"
"Potenza_Viale_Firenze","CO","mg/m³","03/10/2022","14","0.36","1"
"Potenza_Viale_Firenze","CO","mg/m³","03/10/2022","15","-9999","-1"
"Potenza_Viale_Firenze","CO","mg/m³","03/10/2022","16","-9999","-1"
"Potenza_Viale_Firenze","CO","mg/m³","03/10/2022","17","1.42","1"
"Potenza_Viale_Firenze","CO","mg/m³","03/10/2022","18","1.25","1"
"Potenza_Viale_Firenze","CO","mg/m³","03/10/2022","19","0.60","-1"
"Potenza_Viale_Firenze","CO","mg/m³","03/10/2022","20","0.48","1"
"Potenza_Viale_Firenze","CO","mg/m³","03/10/2022","21","0.38","1"
"Potenza_Viale_Firenze","CO","mg/m³","03/10/2022","22","0.32","1"
"Potenza_Viale_Firenze","CO","mg/m³","03/10/2022","23","0.33","1"
"Potenza_Viale_Firenze","CO","mg/m³","03/10/2022","24","0.32","1"
"Potenza_Viale_Firenze","CO","mg/m³","04/10/2022","01","0.28","1"
"Potenza_Viale_Firenze","CO","mg/m³","04/10/2022","02","0.27","1"
"Potenza_Viale_Firenze","CO","mg/m³","04/10/2022","03","0.27","1"
"Potenza_Viale_Firenze","CO","mg/m³","04/10/2022","04","0.28","1"
"Potenza_Viale_Firenze","CO","mg/m³","04/10/2022","05","0.34","1"
"Potenza_Viale_Firenze","CO","mg/m³","04/10/2022","06","0.52","1"
"Potenza_Viale_Firenze","CO","mg/m³","04/10/2022","07","0.88","1"
"Potenza_Viale_Firenze","CO","mg/m³","04/10/2022","08","0.90","1"
"Potenza_Viale_Firenze","CO","mg/m³","04/10/2022","09","0.52","1"
"Potenza_Viale_Firenze","CO","mg/m³","04/10/2022","10","0.48","1"
"Potenza_Viale_Firenze","CO","mg/m³","04/10/2022","11","0.44","1"
"Potenza_Viale_Firenze","CO","mg/m³","04/10/2022","12","0.45","1"
"Potenza_Viale_Firenze","CO","mg/m³","04/10/2022","13","0.44","1"
"Potenza_Viale_Firenze","CO","mg/m³","04/10/2022","14","0.39","1"
"Potenza_Viale_Firenze","CO","mg/m³","04/10/2022","15","0.42","1"
"Potenza_Viale_Firenze","CO","mg/m³","04/10/2022","16","0.43","1"
"Potenza_Viale_Firenze","CO","mg/m³","04/10/2022","17","0.51","1"
"Potenza_Viale_Firenze","CO","mg/m³","04/10/2022","18","0.76","-1"
"Potenza_Viale_Firenze","CO","mg/m³","04/10/2022","19","0.93","1"
"Potenza_Viale_Firenze","CO","mg/m³","04/10/2022","20","0.84","1"
"Potenza_Viale_Firenze","CO","mg/m³","04/10/2022","21","0.58","1"
"Potenza_Viale_Firenze","CO","mg/m³","04/10/2022","22","0.50","1"
"Potenza_Viale_Firenze","CO","mg/m³","04/10/2022","23","0.54","1"
"Potenza_Viale_Firenze","CO","mg/m³","04/10/2022","24","0.45","1"
"Potenza_Viale_Firenze","CO","mg/m³","05/10/2022","01","0.36","1"
"Potenza_Viale_Firenze","CO","mg/m³","05/10/2022","02","0.36","1"
"Potenza_Viale_Firenze","CO","mg/m³","05/10/2022","03","0.35","1"
"Potenza_Viale_Firenze","CO","mg/m³","05/10/2022","04","0.36","1"
"Potenza_Viale_Firenze","CO","mg/m³","05/10/2022","05","0.41","1"
"Potenza_Viale_Firenze","CO","mg/m³","05/10/2022","06","0.60","1"
"Potenza_Viale_Firenze","CO","mg/m³","05/10/2022","07","1.07","1"
"Potenza_Viale_Firenze","CO","mg/m³","05/10/2022","08","1.26","1"
"Potenza_Viale_Firenze","CO","mg/m³","05/10/2022","09","0.81","1"
"Potenza_Viale_Firenze","CO","mg/m³","05/10/2022","10","0.50","-1"
"Potenza_Viale_Firenze","CO","mg/m³","05/10/2022","11","-9999","-1"
"Potenza_Viale_Firenze","CO","mg/m³","05/10/2022","12","0.47","1"
"Potenza_Viale_Firenze","CO","mg/m³","05/10/2022","13","-9999","-1"
"Potenza_Viale_Firenze","CO","mg/m³","05/10/2022","14","-9999","-1"
"Potenza_Viale_Firenze","CO","mg/m³","05/10/2022","15","-9999","-1"
"Potenza_Viale_Firenze","CO","mg/m³","05/10/2022","16","-9999","-1"
"Potenza_Viale_Firenze","CO","mg/m³","05/10/2022","17","-9999","-1"
"Potenza_Viale_Firenze","CO","mg/m³","05/10/2022","18","0.83","1"
"Potenza_Viale_Firenze","CO","mg/m³","05/10/2022","19","0.92","1"
"Potenza_Viale_Firenze","CO","mg/m³","05/10/2022","20","0.88","1"
"Potenza_Viale_Firenze","CO","mg/m³","05/10/2022","21","0.60","1"
"Potenza_Viale_Firenze","CO","mg/m³","05/10/2022","22","0.53","1"
"Potenza_Viale_Firenze","CO","mg/m³","05/10/2022","23","0.44","1"
"Potenza_Viale_Firenze","CO","mg/m³","05/10/2022","24","0.35","1"
"Potenza_Viale_Firenze","CO","mg/m³","06/10/2022","01","0.27","1"
"Potenza_Viale_Firenze","CO","mg/m³","06/10/2022","02","0.27","1"
"Potenza_Viale_Firenze","CO","mg/m³","06/10/2022","03","0.23","1"
"Potenza_Viale_Firenze","CO","mg/m³","06/10/2022","04","0.24","1"
"Potenza_Viale_Firenze","CO","mg/m³","06/10/2022","05","0.28","1"
"Potenza_Viale_Firenze","CO","mg/m³","06/10/2022","06","0.45","1"
"Potenza_Viale_Firenze","CO","mg/m³","06/10/2022","07","1.01","1"
"Potenza_Viale_Firenze","CO","mg/m³","06/10/2022","08","1.06","1"
"Potenza_Viale_Firenze","CO","mg/m³","06/10/2022","09","1.38","1"
"Potenza_Viale_Firenze","CO","mg/m³","06/10/2022","10","0.67","1"
"Potenza_Viale_Firenze","CO","mg/m³","06/10/2022","11","0.37","1"
"Potenza_Viale_Firenze","CO","mg/m³","06/10/2022","12","0.37","1"
"Potenza_Viale_Firenze","CO","mg/m³","06/10/2022","13","0.42","-1"
"Potenza_Viale_Firenze","CO","mg/m³","06/10/2022","14","0.34","1"
"Potenza_Viale_Firenze","CO","mg/m³","06/10/2022","15","0.37","1"
"Potenza_Viale_Firenze","CO","mg/m³","06/10/2022","16","0.41","1"
"Potenza_Viale_Firenze","CO","mg/m³","06/10/2022","17","0.51","1"
"Potenza_Viale_Firenze","CO","mg/m³","06/10/2022","18","0.64","1"
"Potenza_Viale_Firenze","CO","mg/m³","06/10/2022","19","0.89","1"
"Potenza_Viale_Firenze","CO","mg/m³","06/10/2022","20","0.78","1"
"Potenza_Viale_Firenze","CO","mg/m³","06/10/2022","21","0.63","1"
"Potenza_Viale_Firenze","CO","mg/m³","06/10/2022","22","0.50","1"
"Potenza_Viale_Firenze","CO","mg/m³","06/10/2022","23","0.53","1"
"Potenza_Viale_Firenze","CO","mg/m³","06/10/2022","24","0.42","1"
"Potenza_Viale_Firenze","CO","mg/m³","07/10/2022","01","0.39","1"
"Potenza_Viale_Firenze","CO","mg/m³","07/10/2022","02","0.37","1"
"Potenza_Viale_Firenze","CO","mg/m³","07/10/2022","03","0.61","1"
"Potenza_Viale_Firenze","CO","mg/m³","07/10/2022","04","0.48","1"
"Potenza_Viale_Firenze","CO","mg/m³","07/10/2022","05","0.40","1"
"Potenza_Viale_Firenze","CO","mg/m³","07/10/2022","06","0.63","1"
"Potenza_Viale_Firenze","CO","mg/m³","07/10/2022","07","1.04","1"
"Potenza_Viale_Firenze","CO","mg/m³","07/10/2022","08","1.36","1"
"Potenza_Viale_Firenze","CO","mg/m³","07/10/2022","09","1.02","1"
"Potenza_Viale_Firenze","CO","mg/m³","07/10/2022","10","0.52","1"
"Potenza_Viale_Firenze","CO","mg/m³","07/10/2022","11","0.46","1"
"Potenza_Viale_Firenze","CO","mg/m³","07/10/2022","12","0.47","-1"
"Potenza_Viale_Firenze","CO","mg/m³","07/10/2022","13","0.49","1"
"Potenza_Viale_Firenze","CO","mg/m³","07/10/2022","14","0.34","1"
"Potenza_Viale_Firenze","CO","mg/m³","07/10/2022","15","0.41","1"
"Potenza_Viale_Firenze","CO","mg/m³","07/10/2022","16","0.47","1"
"Potenza_Viale_Firenze","CO","mg/m³","07/10/2022","17","0.52","1"
"Potenza_Viale_Firenze","CO","mg/m³","07/10/2022","18","0.63","1"
"Potenza_Viale_Firenze","CO","mg/m³","07/10/2022","19","0.84","1"
"Potenza_Viale_Firenze","CO","mg/m³","07/10/2022","20","0.92","1"
"Potenza_Viale_Firenze","CO","mg/m³","07/10/2022","21","0.62","1"
"Potenza_Viale_Firenze","CO","mg/m³","07/10/2022","22","0.59","1"
"Potenza_Viale_Firenze","CO","mg/m³","07/10/2022","23","0.52","1"
"Potenza_Viale_Firenze","CO","mg/m³","07/10/2022","24","0.50","1"
"Potenza_Viale_Firenze","CO","mg/m³","08/10/2022","01","0.37","1"
"Potenza_Viale_Firenze","CO","mg/m³","08/10/2022","02","0.34","1"
"Potenza_Viale_Firenze","CO","mg/m³","08/10/2022","03","0.31","1"
"Potenza_Viale_Firenze","CO","mg/m³","08/10/2022","04","0.29","1"
"Potenza_Viale_Firenze","CO","mg/m³","08/10/2022","05","0.26","1"
"Potenza_Viale_Firenze","CO","mg/m³","08/10/2022","06","0.35","1"
"Potenza_Viale_Firenze","CO","mg/m³","08/10/2022","07","0.88","1"
"Potenza_Viale_Firenze","CO","mg/m³","08/10/2022","08","1.09","1"
"Potenza_Viale_Firenze","CO","mg/m³","08/10/2022","09","0.49","1"
"Potenza_Viale_Firenze","CO","mg/m³","08/10/2022","10","0.54","1"
"Potenza_Viale_Firenze","CO","mg/m³","08/10/2022","11","0.46","-1"
"Potenza_Viale_Firenze","CO","mg/m³","08/10/2022","12","0.41","1"
"Potenza_Viale_Firenze","CO","mg/m³","08/10/2022","13","0.45","1"
"Potenza_Viale_Firenze","CO","mg/m³","08/10/2022","14","0.46","1"
"Potenza_Viale_Firenze","CO","mg/m³","08/10/2022","15","0.38","1"
"Potenza_Viale_Firenze","CO","mg/m³","08/10/2022","16","0.38","1"
"Potenza_Viale_Firenze","CO","mg/m³","08/10/2022","17","0.32","1"
"Potenza_Viale_Firenze","CO","mg/m³","08/10/2022","18","0.35","1"
"Potenza_Viale_Firenze","CO","mg/m³","08/10/2022","19","0.34","1"
"Potenza_Viale_Firenze","CO","mg/m³","08/10/2022","20","0.66","1"
"Potenza_Viale_Firenze","CO","mg/m³","08/10/2022","21","0.50","1"
"Potenza_Viale_Firenze","CO","mg/m³","08/10/2022","22","0.44","1"
"Potenza_Viale_Firenze","CO","mg/m³","08/10/2022","23","0.42","1"
"Potenza_Viale_Firenze","CO","mg/m³","08/10/2022","24","0.46","1"
"Potenza_Viale_Firenze","CO","mg/m³","09/10/2022","01","0.44","1"
"Potenza_Viale_Firenze","CO","mg/m³","09/10/2022","02","0.45","1"
"Potenza_Viale_Firenze","CO","mg/m³","09/10/2022","03","0.36","1"
"Potenza_Viale_Firenze","CO","mg/m³","09/10/2022","04","0.29","1"
"Potenza_Viale_Firenze","CO","mg/m³","09/10/2022","05","0.30","1"
"Potenza_Viale_Firenze","CO","mg/m³","09/10/2022","06","0.32","1"
"Potenza_Viale_Firenze","CO","mg/m³","09/10/2022","07","0.43","1"
"Potenza_Viale_Firenze","CO","mg/m³","09/10/2022","08","0.49","1"
"Potenza_Viale_Firenze","CO","mg/m³","09/10/2022","09","0.43","1"
"Potenza_Viale_Firenze","CO","mg/m³","09/10/2022","10","0.41","-1"
"Potenza_Viale_Firenze","CO","mg/m³","09/10/2022","11","0.37","1"
"Potenza_Viale_Firenze","CO","mg/m³","09/10/2022","12","0.38","1"
"Potenza_Viale_Firenze","CO","mg/m³","09/10/2022","13","0.37","1"
"Potenza_Viale_Firenze","CO","mg/m³","09/10/2022","14","0.31","1"
"Potenza_Viale_Firenze","CO","mg/m³","09/10/2022","15","0.30","1"
"Potenza_Viale_Firenze","CO","mg/m³","09/10/2022","16","0.33","1"
"Potenza_Viale_Firenze","CO","mg/m³","09/10/2022","17","0.35","1"
"Potenza_Viale_Firenze","CO","mg/m³","09/10/2022","18","0.43","1"
"Potenza_Viale_Firenze","CO","mg/m³","09/10/2022","19","0.42","1"
"Potenza_Viale_Firenze","CO","mg/m³","09/10/2022","20","0.37","1"
"Potenza_Viale_Firenze","CO","mg/m³","09/10/2022","21","0.39","1"
"Potenza_Viale_Firenze","CO","mg/m³","09/10/2022","22","0.36","1"
"Potenza_Viale_Firenze","CO","mg/m³","09/10/2022","23","0.44","1"
"Potenza_Viale_Firenze","CO","mg/m³","09/10/2022","24","0.43","1"
"Potenza_Viale_Firenze","CO","mg/m³","10/10/2022","01","0.37","1"
"Potenza_Viale_Firenze","CO","mg/m³","10/10/2022","02","0.38","1"
"Potenza_Viale_Firenze","CO","mg/m³","10/10/2022","03","0.36","1"
"Potenza_Viale_Firenze","CO","mg/m³","10/10/2022","04","0.32","1"
"Potenza_Viale_Firenze","CO","mg/m³","10/10/2022","05","0.35","1"
"Potenza_Viale_Firenze","CO","mg/m³","10/10/2022","06","0.40","1"
"Potenza_Viale_Firenze","CO","mg/m³","10/10/2022","07","0.57","1"
"Potenza_Viale_Firenze","CO","mg/m³","10/10/2022","08","0.71","1"
"Potenza_Viale_Firenze","CO","mg/m³","10/10/2022","09","0.49","-1"
"Potenza_Viale_Firenze","CO","mg/m³","10/10/2022","10","0.44","1"
"Potenza_Viale_Firenze","CO","mg/m³","10/10/2022","11","0.48","1"
"Potenza_Viale_Firenze","CO","mg/m³","10/10/2022","12","0.40","1"
"Potenza_Viale_Firenze","CO","mg/m³","10/10/2022","13","0.46","1"
"Potenza_Viale_Firenze","CO","mg/m³","10/10/2022","14","0.36","1"
"Potenza_Viale_Firenze","CO","mg/m³","10/10/2022","15","0.40","1"
"Potenza_Viale_Firenze","CO","mg/m³","10/10/2022","16","0.41","1"
"Potenza_Viale_Firenze","CO","mg/m³","10/10/2022","17","0.33","1"
"Potenza_Viale_Firenze","CO","mg/m³","10/10/2022","18","0.34","1"
"Potenza_Viale_Firenze","CO","mg/m³","10/10/2022","19","0.49","1"
"Potenza_Viale_Firenze","CO","mg/m³","10/10/2022","20","0.43","1"
"Potenza_Viale_Firenze","CO","mg/m³","10/10/2022","21","0.39","1"
"Potenza_Viale_Firenze","CO","mg/m³","10/10/2022","22","0.33","1"
"Potenza_Viale_Firenze","CO","mg/m³","10/10/2022","23","0.30","1"
"Potenza_Viale_Firenze","CO","mg/m³","10/10/2022","24","0.34","1"
"Potenza_Viale_Firenze","CO","mg/m³","11/10/2022","01","0.27","1"
"Potenza_Viale_Firenze","CO","mg/m³","11/10/2022","02","0.24","1"
"Potenza_Viale_Firenze","CO","mg/m³","11/10/2022","03","0.26","1"
"Potenza_Viale_Firenze","CO","mg/m³","11/10/2022","04","0.24","1"
"Potenza_Viale_Firenze","CO","mg/m³","11/10/2022","05","0.29","1"
"Potenza_Viale_Firenze","CO","mg/m³","11/10/2022","06","0.46","1"
"Potenza_Viale_Firenze","CO","mg/m³","11/10/2022","07","0.90","1"
"Potenza_Viale_Firenze","CO","mg/m³","11/10/2022","08","0.41","-1"
"Potenza_Viale_Firenze","CO","mg/m³","11/10/2022","09","0.34","1"
"Potenza_Viale_Firenze","CO","mg/m³","11/10/2022","10","0.32","1"
"Potenza_Viale_Firenze","CO","mg/m³","11/10/2022","11","0.30","1"
"Potenza_Viale_Firenze","CO","mg/m³","11/10/2022","12","0.31","1"
"Potenza_Viale_Firenze","CO","mg/m³","11/10/2022","13","0.36","1"
"Potenza_Viale_Firenze","CO","mg/m³","11/10/2022","14","0.34","1"
"Potenza_Viale_Firenze","CO","mg/m³","11/10/2022","15","0.41","1"
"Potenza_Viale_Firenze","CO","mg/m³","11/10/2022","16","0.43","1"
"Potenza_Viale_Firenze","CO","mg/m³","11/10/2022","17","0.52","1"
"Potenza_Viale_Firenze","CO","mg/m³","11/10/2022","18","0.61","1"
"Potenza_Viale_Firenze","CO","mg/m³","11/10/2022","19","0.57","1"
"Potenza_Viale_Firenze","CO","mg/m³","11/10/2022","20","0.74","1"
"Potenza_Viale_Firenze","CO","mg/m³","11/10/2022","21","0.60","1"
"Potenza_Viale_Firenze","CO","mg/m³","11/10/2022","22","0.50","1"
"Potenza_Viale_Firenze","CO","mg/m³","11/10/2022","23","0.50","1"
"Potenza_Viale_Firenze","CO","mg/m³","11/10/2022","24","0.43","1"
"Potenza_Viale_Firenze","CO","mg/m³","12/10/2022","01","0.39","1"
"Potenza_Viale_Firenze","CO","mg/m³","12/10/2022","02","0.35","1"
"Potenza_Viale_Firenze","CO","mg/m³","12/10/2022","03","0.32","1"
"Potenza_Viale_Firenze","CO","mg/m³","12/10/2022","04","0.30","1"
"Potenza_Viale_Firenze","CO","mg/m³","12/10/2022","05","0.35","1"
"Potenza_Viale_Firenze","CO","mg/m³","12/10/2022","06","0.48","1"
"Potenza_Viale_Firenze","CO","mg/m³","12/10/2022","07","0.87","-1"
"Potenza_Viale_Firenze","CO","mg/m³","12/10/2022","08","1.25","1"
"Potenza_Viale_Firenze","CO","mg/m³","12/10/2022","09","0.87","1"
"Potenza_Viale_Firenze","CO","mg/m³","12/10/2022","10","0.67","1"
"Potenza_Viale_Firenze","CO","mg/m³","12/10/2022","11","0.49","1"
"Potenza_Viale_Firenze","CO","mg/m³","12/10/2022","12","0.46","1"
"Potenza_Viale_Firenze","CO","mg/m³","12/10/2022","13","0.48","1"
"Potenza_Viale_Firenze","CO","mg/m³","12/10/2022","14","0.46","1"
"Potenza_Viale_Firenze","CO","mg/m³","12/10/2022","15","0.43","1"
"Potenza_Viale_Firenze","CO","mg/m³","12/10/2022","16","0.44","1"
"Potenza_Viale_Firenze","CO","mg/m³","12/10/2022","17","0.57","1"
"Potenza_Viale_Firenze","CO","mg/m³","12/10/2022","18","0.70","1"
"Potenza_Viale_Firenze","CO","mg/m³","12/10/2022","19","1.11","1"
"Potenza_Viale_Firenze","CO","mg/m³","12/10/2022","20","0.77","1"
"Potenza_Viale_Firenze","CO","mg/m³","12/10/2022","21","0.56","1"
"Potenza_Viale_Firenze","CO","mg/m³","12/10/2022","22","0.44","1"
"Potenza_Viale_Firenze","CO","mg/m³","12/10/2022","23","0.43","1"
"Potenza_Viale_Firenze","CO","mg/m³","12/10/2022","24","0.40","1"
"Potenza_Viale_Firenze","CO","mg/m³","13/10/2022","01","0.41","1"
"Potenza_Viale_Firenze","CO","mg/m³","13/10/2022","02","0.40","1"
"Potenza_Viale_Firenze","CO","mg/m³","13/10/2022","03","0.36","1"
"Potenza_Viale_Firenze","CO","mg/m³","13/10/2022","04","0.36","1"
"Potenza_Viale_Firenze","CO","mg/m³","13/10/2022","05","0.40","1"
"Potenza_Viale_Firenze","CO","mg/m³","13/10/2022","06","0.48","-1"
"Potenza_Viale_Firenze","CO","mg/m³","13/10/2022","07","0.52","1"
"Potenza_Viale_Firenze","CO","mg/m³","13/10/2022","08","0.73","1"
"Potenza_Viale_Firenze","CO","mg/m³","13/10/2022","09","0.56","1"
"Potenza_Viale_Firenze","CO","mg/m³","13/10/2022","10","0.63","1"
"Potenza_Viale_Firenze","CO","mg/m³","13/10/2022","11","0.75","1"
"Potenza_Viale_Firenze","CO","mg/m³","13/10/2022","12","0.77","1"
"Potenza_Viale_Firenze","CO","mg/m³","13/10/2022","13","0.72","1"
"Potenza_Viale_Firenze","CO","mg/m³","13/10/2022","14","0.50","1"
"Potenza_Viale_Firenze","CO","mg/m³","13/10/2022","15","0.43","1"
"Potenza_Viale_Firenze","CO","mg/m³","13/10/2022","16","0.54","1"
"Potenza_Viale_Firenze","CO","mg/m³","13/10/2022","17","0.48","1"
"Potenza_Viale_Firenze","CO","mg/m³","13/10/2022","18","0.50","1"
"Potenza_Viale_Firenze","CO","mg/m³","13/10/2022","19","0.46","1"
"Potenza_Viale_Firenze","CO","mg/m³","13/10/2022","20","0.48","1"
"Potenza_Viale_Firenze","CO","mg/m³","13/10/2022","21","0.40","1"
"Potenza_Viale_Firenze","CO","mg/m³","13/10/2022","22","0.32","1"
"Potenza_Viale_Firenze","CO","mg/m³","13/10/2022","23","0.32","1"
"Potenza_Viale_Firenze","CO","mg/m³","13/10/2022","24","0.31","1"
"Potenza_Viale_Firenze","CO","mg/m³","14/10/2022","01","0.30","1"
"Potenza_Viale_Firenze","CO","mg/m³","14/10/2022","02","0.28","1"
"Potenza_Viale_Firenze","CO","mg/m³","14/10/2022","03","0.28","1"
"Potenza_Viale_Firenze","CO","mg/m³","14/10/2022","04","0.28","1"
"Potenza_Viale_Firenze","CO","mg/m³","14/10/2022","05","0.31","-1"
"Potenza_Viale_Firenze","CO","mg/m³","14/10/2022","06","0.47","1"
"Potenza_Viale_Firenze","CO","mg/m³","14/10/2022","07","0.55","1"
"Potenza_Viale_Firenze","CO","mg/m³","14/10/2022","08","0.67","1"
"Potenza_Viale_Firenze","CO","mg/m³","14/10/2022","09","0.57","1"
"Potenza_Viale_Firenze","CO","mg/m³","14/10/2022","10","0.50","1"
"Potenza_Viale_Firenze","CO","mg/m³","14/10/2022","11","0.46","1"
"Potenza_Viale_Firenze","CO","mg/m³","14/10/2022","12","0.46","1"
"Potenza_Viale_Firenze","CO","mg/m³","14/10/2022","13","0.47","1"
"Potenza_Viale_Firenze","CO","mg/m³","14/10/2022","14","0.44","1"
"Potenza_Viale_Firenze","CO","mg/m³","14/10/2022","15","0.41","1"
"Potenza_Viale_Firenze","CO","mg/m³","14/10/2022","16","0.37","1"
"Potenza_Viale_Firenze","CO","mg/m³","14/10/2022","17","0.64","1"
"Potenza_Viale_Firenze","CO","mg/m³","14/10/2022","18","0.80","1"
"Potenza_Viale_Firenze","CO","mg/m³","14/10/2022","19","0.89","1"
"Potenza_Viale_Firenze","CO","mg/m³","14/10/2022","20","0.54","1"
"Potenza_Viale_Firenze","CO","mg/m³","14/10/2022","21","0.55","1"
"Potenza_Viale_Firenze","CO","mg/m³","14/10/2022","22","0.65","1"
"Potenza_Viale_Firenze","CO","mg/m³","14/10/2022","23","0.58","1"
"Potenza_Viale_Firenze","CO","mg/m³","14/10/2022","24","0.66","1"
"Potenza_Viale_Firenze","CO","mg/m³","15/10/2022","01","0.49","1"
"Potenza_Viale_Firenze","CO","mg/m³","15/10/2022","02","0.40","1"
"Potenza_Viale_Firenze","CO","mg/m³","15/10/2022","03","0.39","1"
"Potenza_Viale_Firenze","CO","mg/m³","15/10/2022","04","0.36","-1"
"Potenza_Viale_Firenze","CO","mg/m³","15/10/2022","05","0.38","1"
"Potenza_Viale_Firenze","CO","mg/m³","15/10/2022","06","0.57","1"
"Potenza_Viale_Firenze","CO","mg/m³","15/10/2022","07","1.04","1"
"Potenza_Viale_Firenze","CO","mg/m³","15/10/2022","08","1.38","1"
"Potenza_Viale_Firenze","CO","mg/m³","15/10/2022","09","0.85","1"
"Potenza_Viale_Firenze","CO","mg/m³","15/10/2022","10","0.59","1"
"Potenza_Viale_Firenze","CO","mg/m³","15/10/2022","11","0.47","1"
"Potenza_Viale_Firenze","CO","mg/m³","15/10/2022","12","0.50","1"
"Potenza_Viale_Firenze","CO","mg/m³","15/10/2022","13","0.52","1"
"Potenza_Viale_Firenze","CO","mg/m³","15/10/2022","14","0.43","1"
"Potenza_Viale_Firenze","CO","mg/m³","15/10/2022","15","0.42","1"
"Potenza_Viale_Firenze","CO","mg/m³","15/10/2022","16","0.43","1"
"Potenza_Viale_Firenze","CO","mg/m³","15/10/2022","17","0.59","1"
"Potenza_Viale_Firenze","CO","mg/m³","15/10/2022","18","0.98","1"
"Potenza_Viale_Firenze","CO","mg/m³","15/10/2022","19","0.87","1"
"Potenza_Viale_Firenze","CO","mg/m³","15/10/2022","20","0.99","1"
"Potenza_Viale_Firenze","CO","mg/m³","15/10/2022","21","0.99","1"
"Potenza_Viale_Firenze","CO","mg/m³","15/10/2022","22","0.74","1"
"Potenza_Viale_Firenze","CO","mg/m³","15/10/2022","23","0.53","1"
"Potenza_Viale_Firenze","CO","mg/m³","15/10/2022","24","0.59","1"
"Potenza_Viale_Firenze","CO","mg/m³","16/10/2022","01","0.57","1"
"Potenza_Viale_Firenze","CO","mg/m³","16/10/2022","02","0.44","1"
"Potenza_Viale_Firenze","CO","mg/m³","16/10/2022","03","0.39","-1"
"Potenza_Viale_Firenze","CO","mg/m³","16/10/2022","04","0.38","1"
"Potenza_Viale_Firenze","CO","mg/m³","16/10/2022","05","0.42","1"
"Potenza_Viale_Firenze","CO","mg/m³","16/10/2022","06","0.40","1"
"Potenza_Viale_Firenze","CO","mg/m³","16/10/2022","07","0.52","1"
"Potenza_Viale_Firenze","CO","mg/m³","16/10/2022","08","0.71","1"
"Potenza_Viale_Firenze","CO","mg/m³","16/10/2022","09","0.60","1"
"Potenza_Viale_Firenze","CO","mg/m³","16/10/2022","10","0.59","1"
"Potenza_Viale_Firenze","CO","mg/m³","16/10/2022","11","0.45","1"
"Potenza_Viale_Firenze","CO","mg/m³","16/10/2022","12","0.44","1"
"Potenza_Viale_Firenze","CO","mg/m³","16/10/2022","13","0.45","1"
"Potenza_Viale_Firenze","CO","mg/m³","16/10/2022","14","0.37","1"
"Potenza_Viale_Firenze","CO","mg/m³","16/10/2022","15","0.39","1"
"Potenza_Viale_Firenze","CO","mg/m³","16/10/2022","16","0.39","1"
"Potenza_Viale_Firenze","CO","mg/m³","16/10/2022","17","0.47","1"
"Potenza_Viale_Firenze","CO","mg/m³","16/10/2022","18","0.83","1"
"Potenza_Viale_Firenze","CO","mg/m³","16/10/2022","19","0.72","1"
"Potenza_Viale_Firenze","CO","mg/m³","16/10/2022","20","0.79","1"
"Potenza_Viale_Firenze","CO","mg/m³","16/10/2022","21","0.85","1"
"Potenza_Viale_Firenze","CO","mg/m³","16/10/2022","22","0.68","1"
"Potenza_Viale_Firenze","CO","mg/m³","16/10/2022","23","0.63","1"
"Potenza_Viale_Firenze","CO","mg/m³","16/10/2022","24","0.58","1"
"Potenza_Viale_Firenze","CO","mg/m³","17/10/2022","01","0.53","1"
"Potenza_Viale_Firenze","CO","mg/m³","17/10/2022","02","0.42","-1"
"Potenza_Viale_Firenze","CO","mg/m³","17/10/2022","03","0.42","1"
"Potenza_Viale_Firenze","CO","mg/m³","17/10/2022","04","0.41","1"
"Potenza_Viale_Firenze","CO","mg/m³","17/10/2022","05","0.47","1"
"Potenza_Viale_Firenze","CO","mg/m³","17/10/2022","06","0.69","1"
"Potenza_Viale_Firenze","CO","mg/m³","17/10/2022","07","0.90","1"
"Potenza_Viale_Firenze","CO","mg/m³","17/10/2022","08","1.63","1"
"Potenza_Viale_Firenze","CO","mg/m³","17/10/2022","09","0.94","1"
"Potenza_Viale_Firenze","CO","mg/m³","17/10/2022","10","0.59","1"
"Potenza_Viale_Firenze","CO","mg/m³","17/10/2022","11","0.54","1"
"Potenza_Viale_Firenze","CO","mg/m³","17/10/2022","12","0.50","1"
"Potenza_Viale_Firenze","CO","mg/m³","17/10/2022","13","0.54","1"
"Potenza_Viale_Firenze","CO","mg/m³","17/10/2022","14","0.48","1"
"Potenza_Viale_Firenze","CO","mg/m³","17/10/2022","15","0.45","1"
"Potenza_Viale_Firenze","CO","mg/m³","17/10/2022","16","0.46","1"
"Potenza_Viale_Firenze","CO","mg/m³","17/10/2022","17","0.62","1"
"Potenza_Viale_Firenze","CO","mg/m³","17/10/2022","18","0.71","1"
"Potenza_Viale_Firenze","CO","mg/m³","17/10/2022","19","1.27","1"
"Potenza_Viale_Firenze","CO","mg/m³","17/10/2022","20","1.04","1"
"Potenza_Viale_Firenze","CO","mg/m³","17/10/2022","21","0.84","1"
"Potenza_Viale_Firenze","CO","mg/m³","17/10/2022","22","0.67","1"
"Potenza_Viale_Firenze","CO","mg/m³","17/10/2022","23","0.60","1"
"Potenza_Viale_Firenze","CO","mg/m³","17/10/2022","24","0.57","1"
"Potenza_Viale_Firenze","CO","mg/m³","18/10/2022","01","0.48","-1"
"Potenza_Viale_Firenze","CO","mg/m³","18/10/2022","02","0.40","1"
"Potenza_Viale_Firenze","CO","mg/m³","18/10/2022","03","0.37","1"
"Potenza_Viale_Firenze","CO","mg/m³","18/10/2022","04","0.36","1"
"Potenza_Viale_Firenze","CO","mg/m³","18/10/2022","05","0.37","1"
"Potenza_Viale_Firenze","CO","mg/m³","18/10/2022","06","0.59","1"
"Potenza_Viale_Firenze","CO","mg/m³","18/10/2022","07","1.24","1"
"Potenza_Viale_Firenze","CO","mg/m³","18/10/2022","08","1.62","1"
"Potenza_Viale_Firenze","CO","mg/m³","18/10/2022","09","1.00","1"
"Potenza_Viale_Firenze","CO","mg/m³","18/10/2022","10","0.71","1"
"Potenza_Viale_Firenze","CO","mg/m³","18/10/2022","11","0.49","1"
"Potenza_Viale_Firenze","CO","mg/m³","18/10/2022","12","0.51","1"
"Potenza_Viale_Firenze","CO","mg/m³","18/10/2022","13","0.46","1"
"Potenza_Viale_Firenze","CO","mg/m³","18/10/2022","14","0.46","1"
"Potenza_Viale_Firenze","CO","mg/m³","18/10/2022","15","0.46","1"
"Potenza_Viale_Firenze","CO","mg/m³","18/10/2022","16","0.55","1"
"Potenza_Viale_Firenze","CO","mg/m³","18/10/2022","17","0.71","1"
"Potenza_Viale_Firenze","CO","mg/m³","18/10/2022","18","0.74","1"
"Potenza_Viale_Firenze","CO","mg/m³","18/10/2022","19","1.03","1"
"Potenza_Viale_Firenze","CO","mg/m³","18/10/2022","20","1.11","1"
"Potenza_Viale_Firenze","CO","mg/m³","18/10/2022","21","0.93","1"
"Potenza_Viale_Firenze","CO","mg/m³","18/10/2022","22","0.76","1"
"Potenza_Viale_Firenze","CO","mg/m³","18/10/2022","23","0.67","1"
"Potenza_Viale_Firenze","CO","mg/m³","18/10/2022","24","0.56","-1"
"Potenza_Viale_Firenze","CO","mg/m³","19/10/2022","01","0.46","1"
"Potenza_Viale_Firenze","CO","mg/m³","19/10/2022","02","0.42","1"
"Potenza_Viale_Firenze","CO","mg/m³","19/10/2022","03","0.39","1"
"Potenza_Viale_Firenze","CO","mg/m³","19/10/2022","04","0.38","1"
"Potenza_Viale_Firenze","CO","mg/m³","19/10/2022","05","0.40","1"
"Potenza_Viale_Firenze","CO","mg/m³","19/10/2022","06","0.53","1"
"Potenza_Viale_Firenze","CO","mg/m³","19/10/2022","07","1.06","1"
"Potenza_Viale_Firenze","CO","mg/m³","19/10/2022","08","1.41","1"
"Potenza_Viale_Firenze","CO","mg/m³","19/10/2022","09","1.11","1"
"Potenza_Viale_Firenze","CO","mg/m³","19/10/2022","10","0.48","1"
"Potenza_Viale_Firenze","CO","mg/m³","19/10/2022","11","0.43","1"
"Potenza_Viale_Firenze","CO","mg/m³","19/10/2022","12","0.43","1"
"Potenza_Viale_Firenze","CO","mg/m³","19/10/2022","13","0.53","1"
"Potenza_Viale_Firenze","CO","mg/m³","19/10/2022","14","0.42","1"
"Potenza_Viale_Firenze","CO","mg/m³","19/10/2022","15","0.44","1"
"Potenza_Viale_Firenze","CO","mg/m³","19/10/2022","16","0.51","1"
"Potenza_Viale_Firenze","CO","mg/m³","19/10/2022","17","0.69","1"
"Potenza_Viale_Firenze","CO","mg/m³","19/10/2022","18","0.70","1"
"Potenza_Viale_Firenze","CO","mg/m³","19/10/2022","19","1.00","1"
"Potenza_Viale_Firenze","CO","mg/m³","19/10/2022","20","1.12","1"
"Potenza_Viale_Firenze","CO","mg/m³","19/10/2022","21","0.83","1"
"Potenza_Viale_Firenze","CO","mg/m³","19/10/2022","22","0.76","1"
"Potenza_Viale_Firenze","CO","mg/m³","19/10/2022","23","0.58","-1"
"Potenza_Viale_Firenze","CO","mg/m³","19/10/2022","24","0.58","1"
"Potenza_Viale_Firenze","CO","mg/m³","20/10/2022","01","0.56","1"
"Potenza_Viale_Firenze","CO","mg/m³","20/10/2022","02","0.46","1"
"Potenza_Viale_Firenze","CO","mg/m³","20/10/2022","03","0.42","1"
"Potenza_Viale_Firenze","CO","mg/m³","20/10/2022","04","0.41","1"
"Potenza_Viale_Firenze","CO","mg/m³","20/10/2022","05","0.43","1"
"Potenza_Viale_Firenze","CO","mg/m³","20/10/2022","06","0.55","1"
"Potenza_Viale_Firenze","CO","mg/m³","20/10/2022","07","1.13","1"
"Potenza_Viale_Firenze","CO","mg/m³","20/10/2022","08","1.33","1"
"Potenza_Viale_Firenze","CO","mg/m³","20/10/2022","09","0.87","1"
"Potenza_Viale_Firenze","CO","mg/m³","20/10/2022","10","0.65","1"
"Potenza_Viale_Firenze","CO","mg/m³","20/10/2022","11","0.50","1"
"Potenza_Viale_Firenze","CO","mg/m³","20/10/2022","12","0.55","1"
"Potenza_Viale_Firenze","CO","mg/m³","20/10/2022","13","0.51","1"
"Potenza_Viale_Firenze","CO","mg/m³","20/10/2022","14","0.50","1"
"Potenza_Viale_Firenze","CO","mg/m³","20/10/2022","15","0.46","1"
"Potenza_Viale_Firenze","CO","mg/m³","20/10/2022","16","0.55","1"
"Potenza_Viale_Firenze","CO","mg/m³","20/10/2022","17","0.63","1"
"Potenza_Viale_Firenze","CO","mg/m³","20/10/2022","18","0.76","1"
"Potenza_Viale_Firenze","CO","mg/m³","20/10/2022","19","0.94","1"
"Potenza_Viale_Firenze","CO","mg/m³","20/10/2022","20","1.01","1"
"Potenza_Viale_Firenze","CO","mg/m³","20/10/2022","21","0.82","1"
"Potenza_Viale_Firenze","CO","mg/m³","20/10/2022","22","0.77","-1"
"Potenza_Viale_Firenze","CO","mg/m³","20/10/2022","23","0.71","1"
"Potenza_Viale_Firenze","CO","mg/m³","20/10/2022","24","0.60","1"
"Potenza_Viale_Firenze","CO","mg/m³","21/10/2022","01","0.52","1"
"Potenza_Viale_Firenze","CO","mg/m³","21/10/2022","02","0.49","1"
"Potenza_Viale_Firenze","CO","mg/m³","21/10/2022","03","0.43","1"
"Potenza_Viale_Firenze","CO","mg/m³","21/10/2022","04","0.42","1"
"Potenza_Viale_Firenze","CO","mg/m³","21/10/2022","05","0.47","1"
"Potenza_Viale_Firenze","CO","mg/m³","21/10/2022","06","0.69","1"
"Potenza_Viale_Firenze","CO","mg/m³","21/10/2022","07","1.24","1"
"Potenza_Viale_Firenze","CO","mg/m³","21/10/2022","08","1.84","1"
"Potenza_Viale_Firenze","CO","mg/m³","21/10/2022","09","1.06","1"
"Potenza_Viale_Firenze","CO","mg/m³","21/10/2022","10","0.82","1"
"Potenza_Viale_Firenze","CO","mg/m³","21/10/2022","11","0.57","1"
"Potenza_Viale_Firenze","CO","mg/m³","21/10/2022","12","0.51","1"
"Potenza_Viale_Firenze","CO","mg/m³","21/10/2022","13","0.52","1"
"Potenza_Viale_Firenze","CO","mg/m³","21/10/2022","14","0.50","1"
"Potenza_Viale_Firenze","CO","mg/m³","21/10/2022","15","0.48","1"
"Potenza_Viale_Firenze","CO","mg/m³","21/10/2022","16","0.52","1"
"Potenza_Viale_Firenze","CO","mg/m³","21/10/2022","17","0.53","1"
"Potenza_Viale_Firenze","CO","mg/m³","21/10/2022","18","0.62","1"
"Potenza_Viale_Firenze","CO","mg/m³","21/10/2022","19","0.76","1"
"Potenza_Viale_Firenze","CO","mg/m³","21/10/2022","20","0.88","1"
"Potenza_Viale_Firenze","CO","mg/m³","21/10/2022","21","0.70","-1"
"Potenza_Viale_Firenze","CO","mg/m³","21/10/2022","22","0.65","1"
"Potenza_Viale_Firenze","CO","mg/m³","21/10/2022","23","0.59","1"
"Potenza_Viale_Firenze","CO","mg/m³","21/10/2022","24","0.60","1"
"Potenza_Viale_Firenze","CO","mg/m³","22/10/2022","01","0.51","1"
"Potenza_Viale_Firenze","CO","mg/m³","22/10/2022","02","0.42","1"
"Potenza_Viale_Firenze","CO","mg/m³","22/10/2022","03","0.38","1"
"Potenza_Viale_Firenze","CO","mg/m³","22/10/2022","04","0.38","1"
"Potenza_Viale_Firenze","CO","mg/m³","22/10/2022","05","0.42","1"
"Potenza_Viale_Firenze","CO","mg/m³","22/10/2022","06","0.49","1"
"Potenza_Viale_Firenze","CO","mg/m³","22/10/2022","07","0.81","1"
"Potenza_Viale_Firenze","CO","mg/m³","22/10/2022","08","1.16","1"
"Potenza_Viale_Firenze","CO","mg/m³","22/10/2022","09","0.69","1"
"Potenza_Viale_Firenze","CO","mg/m³","22/10/2022","10","0.59","1"
"Potenza_Viale_Firenze","CO","mg/m³","22/10/2022","11","0.50","1"
"Potenza_Viale_Firenze","CO","mg/m³","22/10/2022","12","0.54","1"
"Potenza_Viale_Firenze","CO","mg/m³","22/10/2022","13","0.60","1"
"Potenza_Viale_Firenze","CO","mg/m³","22/10/2022","14","0.42","1"
"Potenza_Viale_Firenze","CO","mg/m³","22/10/2022","15","0.41","1"
"Potenza_Viale_Firenze","CO","mg/m³","22/10/2022","16","0.45","1"
"Potenza_Viale_Firenze","CO","mg/m³","22/10/2022","17","0.51","1"
"Potenza_Viale_Firenze","CO","mg/m³","22/10/2022","18","0.54","1"
"Potenza_Viale_Firenze","CO","mg/m³","22/10/2022","19","0.73","1"
"Potenza_Viale_Firenze","CO","mg/m³","22/10/2022","20","0.56","-1"
"Potenza_Viale_Firenze","CO","mg/m³","22/10/2022","21","0.53","1"
"Potenza_Viale_Firenze","CO","mg/m³","22/10/2022","22","0.49","1"
"Potenza_Viale_Firenze","CO","mg/m³","22/10/2022","23","0.56","1"
"Potenza_Viale_Firenze","CO","mg/m³","22/10/2022","24","0.52","1"
"Potenza_Viale_Firenze","CO","mg/m³","23/10/2022","01","0.52","1"
"Potenza_Viale_Firenze","CO","mg/m³","23/10/2022","02","0.44","1"
"Potenza_Viale_Firenze","CO","mg/m³","23/10/2022","03","0.41","1"
"Potenza_Viale_Firenze","CO","mg/m³","23/10/2022","04","0.39","1"
"Potenza_Viale_Firenze","CO","mg/m³","23/10/2022","05","0.40","1"
"Potenza_Viale_Firenze","CO","mg/m³","23/10/2022","06","0.42","1"
"Potenza_Viale_Firenze","CO","mg/m³","23/10/2022","07","0.50","1"
"Potenza_Viale_Firenze","CO","mg/m³","23/10/2022","08","0.69","1"
"Potenza_Viale_Firenze","CO","mg/m³","23/10/2022","09","0.89","1"
"Potenza_Viale_Firenze","CO","mg/m³","23/10/2022","10","0.56","1"
"Potenza_Viale_Firenze","CO","mg/m³","23/10/2022","11","0.47","1"
"Potenza_Viale_Firenze","CO","mg/m³","23/10/2022","12","0.50","1"
"Potenza_Viale_Firenze","CO","mg/m³","23/10/2022","13","0.47","1"
"Potenza_Viale_Firenze","CO","mg/m³","23/10/2022","14","0.39","1"
"Potenza_Viale_Firenze","CO","mg/m³","23/10/2022","15","0.38","1"
"Potenza_Viale_Firenze","CO","mg/m³","23/10/2022","16","0.43","1"
"Potenza_Viale_Firenze","CO","mg/m³","23/10/2022","17","0.46","1"
"Potenza_Viale_Firenze","CO","mg/m³","23/10/2022","18","0.56","1"
"Potenza_Viale_Firenze","CO","mg/m³","23/10/2022","19","0.85","-1"
"Potenza_Viale_Firenze","CO","mg/m³","23/10/2022","20","0.94","1"
"Potenza_Viale_Firenze","CO","mg/m³","23/10/2022","21","0.79","1"
"Potenza_Viale_Firenze","CO","mg/m³","23/10/2022","22","0.65","1"
"Potenza_Viale_Firenze","CO","mg/m³","23/10/2022","23","0.58","1"
"Potenza_Viale_Firenze","CO","mg/m³","23/10/2022","24","0.54","1"
"Potenza_Viale_Firenze","CO","mg/m³","24/10/2022","01","0.48","1"
"Potenza_Viale_Firenze","CO","mg/m³","24/10/2022","02","0.44","1"
"Potenza_Viale_Firenze","CO","mg/m³","24/10/2022","03","0.43","1"
"Potenza_Viale_Firenze","CO","mg/m³","24/10/2022","04","0.38","1"
"Potenza_Viale_Firenze","CO","mg/m³","24/10/2022","05","0.42","1"
"Potenza_Viale_Firenze","CO","mg/m³","24/10/2022","06","0.77","1"
"Potenza_Viale_Firenze","CO","mg/m³","24/10/2022","07","1.15","1"
"Potenza_Viale_Firenze","CO","mg/m³","24/10/2022","08","1.89","1"
"Potenza_Viale_Firenze","CO","mg/m³","24/10/2022","09","1.71","1"
"Potenza_Viale_Firenze","CO","mg/m³","24/10/2022","10","0.80","1"
"Potenza_Viale_Firenze","CO","mg/m³","24/10/2022","11","0.51","1"
"Potenza_Viale_Firenze","CO","mg/m³","24/10/2022","12","0.50","1"
"Potenza_Viale_Firenze","CO","mg/m³","24/10/2022","13","0.52","1"
"Potenza_Viale_Firenze","CO","mg/m³","24/10/2022","14","0.48","1"
"Potenza_Viale_Firenze","CO","mg/m³","24/10/2022","15","0.47","1"
"Potenza_Viale_Firenze","CO","mg/m³","24/10/2022","16","0.51","1"
"Potenza_Viale_Firenze","CO","mg/m³","24/10/2022","17","0.64","1"
"Potenza_Viale_Firenze","CO","mg/m³","24/10/2022","18","0.88","-1"
"Potenza_Viale_Firenze","CO","mg/m³","24/10/2022","19","1.05","1"
"Potenza_Viale_Firenze","CO","mg/m³","24/10/2022","20","0.90","1"
"Potenza_Viale_Firenze","CO","mg/m³","24/10/2022","21","0.74","1"
"Potenza_Viale_Firenze","CO","mg/m³","24/10/2022","22","0.69","1"
"Potenza_Viale_Firenze","CO","mg/m³","24/10/2022","23","0.58","1"
"Potenza_Viale_Firenze","CO","mg/m³","24/10/2022","24","0.50","1"
"Potenza_Viale_Firenze","CO","mg/m³","25/10/2022","01","0.48","1"
"Potenza_Viale_Firenze","CO","mg/m³","25/10/2022","02","0.44","1"
"Potenza_Viale_Firenze","CO","mg/m³","25/10/2022","03","0.41","1"
"Potenza_Viale_Firenze","CO","mg/m³","25/10/2022","04","0.39","1"
"Potenza_Viale_Firenze","CO","mg/m³","25/10/2022","05","0.43","1"
"Potenza_Viale_Firenze","CO","mg/m³","25/10/2022","06","0.55","1"
"Potenza_Viale_Firenze","CO","mg/m³","25/10/2022","07","1.13","1"
"Potenza_Viale_Firenze","CO","mg/m³","25/10/2022","08","2.17","1"
"Potenza_Viale_Firenze","CO","mg/m³","25/10/2022","09","1.59","1"
"Potenza_Viale_Firenze","CO","mg/m³","25/10/2022","10","0.70","1"
"Potenza_Viale_Firenze","CO","mg/m³","25/10/2022","11","0.68","1"
"Potenza_Viale_Firenze","CO","mg/m³","25/10/2022","12","0.56","1"
"Potenza_Viale_Firenze","CO","mg/m³","25/10/2022","13","0.62","1"
"Potenza_Viale_Firenze","CO","mg/m³","25/10/2022","14","0.53","1"
"Potenza_Viale_Firenze","CO","mg/m³","25/10/2022","15","0.51","1"
"Potenza_Viale_Firenze","CO","mg/m³","25/10/2022","16","0.53","1"
"Potenza_Viale_Firenze","CO","mg/m³","25/10/2022","17","0.53","-1"
"Potenza_Viale_Firenze","CO","mg/m³","25/10/2022","18","0.80","1"
"Potenza_Viale_Firenze","CO","mg/m³","25/10/2022","19","1.22","1"
"Potenza_Viale_Firenze","CO","mg/m³","25/10/2022","20","1.04","1"
"Potenza_Viale_Firenze","CO","mg/m³","25/10/2022","21","0.69","1"
"Potenza_Viale_Firenze","CO","mg/m³","25/10/2022","22","0.60","1"
"Potenza_Viale_Firenze","CO","mg/m³","25/10/2022","23","0.56","1"
"Potenza_Viale_Firenze","CO","mg/m³","25/10/2022","24","0.50","1"
"Potenza_Viale_Firenze","CO","mg/m³","26/10/2022","01","0.49","1"
"Potenza_Viale_Firenze","CO","mg/m³","26/10/2022","02","0.43","1"
"Potenza_Viale_Firenze","CO","mg/m³","26/10/2022","03","0.41","1"
"Potenza_Viale_Firenze","CO","mg/m³","26/10/2022","04","0.41","1"
"Potenza_Viale_Firenze","CO","mg/m³","26/10/2022","05","0.43","1"
"Potenza_Viale_Firenze","CO","mg/m³","26/10/2022","06","0.60","1"
"Potenza_Viale_Firenze","CO","mg/m³","26/10/2022","07","1.09","1"
"Potenza_Viale_Firenze","CO","mg/m³","26/10/2022","08","2.09","1"
"Potenza_Viale_Firenze","CO","mg/m³","26/10/2022","09","1.81","1"
"Potenza_Viale_Firenze","CO","mg/m³","26/10/2022","10","1.04","1"
"Potenza_Viale_Firenze","CO","mg/m³","26/10/2022","11","0.62","1"
"Potenza_Viale_Firenze","CO","mg/m³","26/10/2022","12","0.49","1"
"Potenza_Viale_Firenze","CO","mg/m³","26/10/2022","13","0.54","1"
"Potenza_Viale_Firenze","CO","mg/m³","26/10/2022","14","0.50","1"
"Potenza_Viale_Firenze","CO","mg/m³","26/10/2022","15","0.44","1"
"Potenza_Viale_Firenze","CO","mg/m³","26/10/2022","16","0.54","-1"
"Potenza_Viale_Firenze","CO","mg/m³","26/10/2022","17","0.70","1"
"Potenza_Viale_Firenze","CO","mg/m³","26/10/2022","18","1.09","1"
"Potenza_Viale_Firenze","CO","mg/m³","26/10/2022","19","1.23","1"
"Potenza_Viale_Firenze","CO","mg/m³","26/10/2022","20","1.18","1"
"Potenza_Viale_Firenze","CO","mg/m³","26/10/2022","21","0.88","1"
"Potenza_Viale_Firenze","CO","mg/m³","26/10/2022","22","0.79","1"
"Potenza_Viale_Firenze","CO","mg/m³","26/10/2022","23","0.72","1"
"Potenza_Viale_Firenze","CO","mg/m³","26/10/2022","24","0.62","1"
"Potenza_Viale_Firenze","CO","mg/m³","27/10/2022","01","0.55","1"
"Potenza_Viale_Firenze","CO","mg/m³","27/10/2022","02","0.46","1"
"Potenza_Viale_Firenze","CO","mg/m³","27/10/2022","03","0.50","1"
"Potenza_Viale_Firenze","CO","mg/m³","27/10/2022","04","0.49","1"
"Potenza_Viale_Firenze","CO","mg/m³","27/10/2022","05","0.51","1"
"Potenza_Viale_Firenze","CO","mg/m³","27/10/2022","06","0.67","1"
"Potenza_Viale_Firenze","CO","mg/m³","27/10/2022","07","1.09","1"
"Potenza_Viale_Firenze","CO","mg/m³","27/10/2022","08","1.79","1"
"Potenza_Viale_Firenze","CO","mg/m³","27/10/2022","09","1.52","1"
"Potenza_Viale_Firenze","CO","mg/m³","27/10/2022","10","1.02","1"
"Potenza_Viale_Firenze","CO","mg/m³","27/10/2022","11","0.73","1"
"Potenza_Viale_Firenze","CO","mg/m³","27/10/2022","12","0.65","1"
"Potenza_Viale_Firenze","CO","mg/m³","27/10/2022","13","0.59","1"
"Potenza_Viale_Firenze","CO","mg/m³","27/10/2022","14","0.55","1"
"Potenza_Viale_Firenze","CO","mg/m³","27/10/2022","15","0.53","-1"
"Potenza_Viale_Firenze","CO","mg/m³","27/10/2022","16","0.57","1"
"Potenza_Viale_Firenze","CO","mg/m³","27/10/2022","17","0.68","1"
"Potenza_Viale_Firenze","CO","mg/m³","27/10/2022","18","0.98","1"
"Potenza_Viale_Firenze","CO","mg/m³","27/10/2022","19","1.13","1"
"Potenza_Viale_Firenze","CO","mg/m³","27/10/2022","20","1.09","1"
"Potenza_Viale_Firenze","CO","mg/m³","27/10/2022","21","0.92","1"
"Potenza_Viale_Firenze","CO","mg/m³","27/10/2022","22","0.81","1"
"Potenza_Viale_Firenze","CO","mg/m³","27/10/2022","23","0.80","1"
"Potenza_Viale_Firenze","CO","mg/m³","27/10/2022","24","0.69","1"
"Potenza_Viale_Firenze","CO","mg/m³","28/10/2022","01","0.58","1"
"Potenza_Viale_Firenze","CO","mg/m³","28/10/2022","02","0.67","1"
"Potenza_Viale_Firenze","CO","mg/m³","28/10/2022","03","0.62","1"
"Potenza_Viale_Firenze","CO","mg/m³","28/10/2022","04","0.58","1"
"Potenza_Viale_Firenze","CO","mg/m³","28/10/2022","05","0.62","1"
"Potenza_Viale_Firenze","CO","mg/m³","28/10/2022","06","0.73","1"
"Potenza_Viale_Firenze","CO","mg/m³","28/10/2022","07","1.18","1"
"Potenza_Viale_Firenze","CO","mg/m³","28/10/2022","08","1.74","1"
"Potenza_Viale_Firenze","CO","mg/m³","28/10/2022","09","-9999","-1"
"Potenza_Viale_Firenze","CO","mg/m³","28/10/2022","10","0.70","1"
"Potenza_Viale_Firenze","CO","mg/m³","28/10/2022","11","0.40","1"
"Potenza_Viale_Firenze","CO","mg/m³","28/10/2022","12","0.31","1"
"Potenza_Viale_Firenze","CO","mg/m³","28/10/2022","13","0.31","1"
"Potenza_Viale_Firenze","CO","mg/m³","28/10/2022","14","0.24","-1"
"Potenza_Viale_Firenze","CO","mg/m³","28/10/2022","15","0.24","1"
"Potenza_Viale_Firenze","CO","mg/m³","28/10/2022","16","0.30","1"
"Potenza_Viale_Firenze","CO","mg/m³","28/10/2022","17","0.45","1"
"Potenza_Viale_Firenze","CO","mg/m³","28/10/2022","18","0.59","1"
"Potenza_Viale_Firenze","CO","mg/m³","28/10/2022","19","0.95","1"
"Potenza_Viale_Firenze","CO","mg/m³","28/10/2022","20","0.90","1"
"Potenza_Viale_Firenze","CO","mg/m³","28/10/2022","21","0.72","1"
"Potenza_Viale_Firenze","CO","mg/m³","28/10/2022","22","0.58","1"
"Potenza_Viale_Firenze","CO","mg/m³","28/10/2022","23","0.47","1"
"Potenza_Viale_Firenze","CO","mg/m³","28/10/2022","24","0.40","1"
"Potenza_Viale_Firenze","CO","mg/m³","29/10/2022","01","0.37","1"
"Potenza_Viale_Firenze","CO","mg/m³","29/10/2022","02","0.31","1"
"Potenza_Viale_Firenze","CO","mg/m³","29/10/2022","03","0.29","1"
"Potenza_Viale_Firenze","CO","mg/m³","29/10/2022","04","0.24","1"
"Potenza_Viale_Firenze","CO","mg/m³","29/10/2022","05","0.35","1"
"Potenza_Viale_Firenze","CO","mg/m³","29/10/2022","06","0.36","1"
"Potenza_Viale_Firenze","CO","mg/m³","29/10/2022","07","0.67","1"
"Potenza_Viale_Firenze","CO","mg/m³","29/10/2022","08","0.65","1"
"Potenza_Viale_Firenze","CO","mg/m³","29/10/2022","09","0.65","1"
"Potenza_Viale_Firenze","CO","mg/m³","29/10/2022","10","0.51","1"
"Potenza_Viale_Firenze","CO","mg/m³","29/10/2022","11","0.35","1"
"Potenza_Viale_Firenze","CO","mg/m³","29/10/2022","12","0.32","1"
"Potenza_Viale_Firenze","CO","mg/m³","29/10/2022","13","0.32","-1"
"Potenza_Viale_Firenze","CO","mg/m³","29/10/2022","14","0.25","1"
"Potenza_Viale_Firenze","CO","mg/m³","29/10/2022","15","0.20","1"
"Potenza_Viale_Firenze","CO","mg/m³","29/10/2022","16","0.23","1"
"Potenza_Viale_Firenze","CO","mg/m³","29/10/2022","17","0.42","1"
"Potenza_Viale_Firenze","CO","mg/m³","29/10/2022","18","0.44","1"
"Potenza_Viale_Firenze","CO","mg/m³","29/10/2022","19","0.46","1"
"Potenza_Viale_Firenze","CO","mg/m³","29/10/2022","20","0.78","1"
"Potenza_Viale_Firenze","CO","mg/m³","29/10/2022","21","0.57","1"
"Potenza_Viale_Firenze","CO","mg/m³","29/10/2022","22","0.54","1"
"Potenza_Viale_Firenze","CO","mg/m³","29/10/2022","23","0.53","1"
"Potenza_Viale_Firenze","CO","mg/m³","29/10/2022","24","0.50","1"
"Potenza_Viale_Firenze","CO","mg/m³","30/10/2022","01","0.40","1"
"Potenza_Viale_Firenze","CO","mg/m³","30/10/2022","02","0.35","1"
"Potenza_Viale_Firenze","CO","mg/m³","30/10/2022","03","0.31","1"
"Potenza_Viale_Firenze","CO","mg/m³","30/10/2022","04","0.26","1"
"Potenza_Viale_Firenze","CO","mg/m³","30/10/2022","05","0.28","1"
"Potenza_Viale_Firenze","CO","mg/m³","30/10/2022","06","0.26","1"
"Potenza_Viale_Firenze","CO","mg/m³","30/10/2022","07","0.32","1"
"Potenza_Viale_Firenze","CO","mg/m³","30/10/2022","08","0.46","1"
"Potenza_Viale_Firenze","CO","mg/m³","30/10/2022","09","0.53","1"
"Potenza_Viale_Firenze","CO","mg/m³","30/10/2022","10","0.62","1"
"Potenza_Viale_Firenze","CO","mg/m³","30/10/2022","11","0.50","1"
"Potenza_Viale_Firenze","CO","mg/m³","30/10/2022","12","0.31","-1"
"Potenza_Viale_Firenze","CO","mg/m³","30/10/2022","13","0.28","1"
"Potenza_Viale_Firenze","CO","mg/m³","30/10/2022","14","0.23","1"
"Potenza_Viale_Firenze","CO","mg/m³","30/10/2022","15","0.19","1"
"Potenza_Viale_Firenze","CO","mg/m³","30/10/2022","16","0.20","1"
"Potenza_Viale_Firenze","CO","mg/m³","30/10/2022","17","0.29","1"
"Potenza_Viale_Firenze","CO","mg/m³","30/10/2022","18","0.59","1"
"Potenza_Viale_Firenze","CO","mg/m³","30/10/2022","19","0.72","1"
"Potenza_Viale_Firenze","CO","mg/m³","30/10/2022","20","0.71","1"
"Potenza_Viale_Firenze","CO","mg/m³","30/10/2022","21","0.69","1"
"Potenza_Viale_Firenze","CO","mg/m³","30/10/2022","22","0.75","1"
"Potenza_Viale_Firenze","CO","mg/m³","30/10/2022","23","0.64","1"
"Potenza_Viale_Firenze","CO","mg/m³","30/10/2022","24","0.45","1"
"Potenza_Viale_Firenze","CO","mg/m³","31/10/2022","01","0.46","1"
"Potenza_Viale_Firenze","CO","mg/m³","31/10/2022","02","0.40","1"
"Potenza_Viale_Firenze","CO","mg/m³","31/10/2022","03","0.35","1"
"Potenza_Viale_Firenze","CO","mg/m³","31/10/2022","04","0.30","1"
"Potenza_Viale_Firenze","CO","mg/m³","31/10/2022","05","0.28","1"
"Potenza_Viale_Firenze","CO","mg/m³","31/10/2022","06","0.29","1"
"Potenza_Viale_Firenze","CO","mg/m³","31/10/2022","07","0.53","1"
"Potenza_Viale_Firenze","CO","mg/m³","31/10/2022","08","1.01","1"
"Potenza_Viale_Firenze","CO","mg/m³","31/10/2022","09","0.89","1"
"Potenza_Viale_Firenze","CO","mg/m³","31/10/2022","10","0.68","1"
"Potenza_Viale_Firenze","CO","mg/m³","31/10/2022","11","0.61","-1"
"Potenza_Viale_Firenze","CO","mg/m³","31/10/2022","12","0.39","1"
"Potenza_Viale_Firenze","CO","mg/m³","31/10/2022","13","0.33","1"
"Potenza_Viale_Firenze","CO","mg/m³","31/10/2022","14","0.31","1"
"Potenza_Viale_Firenze","CO","mg/m³","31/10/2022","15","0.26","1"
"Potenza_Viale_Firenze","CO","mg/m³","31/10/2022","16","0.29","1"
"Potenza_Viale_Firenze","CO","mg/m³","31/10/2022","17","0.52","1"
"Potenza_Viale_Firenze","CO","mg/m³","31/10/2022","18","1.18","1"
"Potenza_Viale_Firenze","CO","mg/m³","31/10/2022","19","1.13","1"
"Potenza_Viale_Firenze","CO","mg/m³","31/10/2022","20","1.01","1"
"Potenza_Viale_Firenze","CO","mg/m³","31/10/2022","21","0.97","1"
"Potenza_Viale_Firenze","CO","mg/m³","31/10/2022","22","0.82","1"
"Potenza_Viale_Firenze","CO","mg/m³","31/10/2022","23","0.63","1"
"Potenza_Viale_Firenze","CO","mg/m³","31/10/2022","24","0.52","1"
"Potenza_Viale_Firenze","CO","mg/m³","01/11/2022","01","0.48","1"
"Potenza_Viale_Firenze","CO","mg/m³","01/11/2022","02","0.34","1"
"Potenza_Viale_Firenze","CO","mg/m³","01/11/2022","03","0.27","1"
"Potenza_Viale_Firenze","CO","mg/m³","01/11/2022","04","0.23","1"
"Potenza_Viale_Firenze","CO","mg/m³","01/11/2022","05","0.23","1"
"Potenza_Viale_Firenze","CO","mg/m³","01/11/2022","06","0.25","1"
"Potenza_Viale_Firenze","CO","mg/m³","01/11/2022","07","0.50","1"
"Potenza_Viale_Firenze","CO","mg/m³","01/11/2022","08","0.54","1"
"Potenza_Viale_Firenze","CO","mg/m³","01/11/2022","09","0.60","1"
"Potenza_Viale_Firenze","CO","mg/m³","01/11/2022","10","0.46","-1"
"Potenza_Viale_Firenze","CO","mg/m³","01/11/2022","11","0.33","1"
"Potenza_Viale_Firenze","CO","mg/m³","01/11/2022","12","0.32","1"
"Potenza_Viale_Firenze","CO","mg/m³","01/11/2022","13","0.24","1"
"Potenza_Viale_Firenze","CO","mg/m³","01/11/2022","14","0.22","1"
"Potenza_Viale_Firenze","CO","mg/m³","01/11/2022","15","0.16","1"
"Potenza_Viale_Firenze","CO","mg/m³","01/11/2022","16","0.17","1"
"Potenza_Viale_Firenze","CO","mg/m³","01/11/2022","17","0.24","1"
"Potenza_Viale_Firenze","CO","mg/m³","01/11/2022","18","0.54","1"
"Potenza_Viale_Firenze","CO","mg/m³","01/11/2022","19","0.61","1"
"Potenza_Viale_Firenze","CO","mg/m³","01/11/2022","20","0.76","1"
"Potenza_Viale_Firenze","CO","mg/m³","01/11/2022","21","0.77","1"
"Potenza_Viale_Firenze","CO","mg/m³","01/11/2022","22","0.68","1"
"Potenza_Viale_Firenze","CO","mg/m³","01/11/2022","23","0.55","1"
"Potenza_Viale_Firenze","CO","mg/m³","01/11/2022","24","0.47","1"
"Potenza_Viale_Firenze","CO","mg/m³","02/11/2022","01","0.35","1"
"Potenza_Viale_Firenze","CO","mg/m³","02/11/2022","02","0.28","1"
"Potenza_Viale_Firenze","CO","mg/m³","02/11/2022","03","0.23","1"
"Potenza_Viale_Firenze","CO","mg/m³","02/11/2022","04","0.22","1"
"Potenza_Viale_Firenze","CO","mg/m³","02/11/2022","05","0.18","1"
"Potenza_Viale_Firenze","CO","mg/m³","02/11/2022","06","0.22","1"
"Potenza_Viale_Firenze","CO","mg/m³","02/11/2022","07","0.52","1"
"Potenza_Viale_Firenze","CO","mg/m³","02/11/2022","08","0.96","1"
"Potenza_Viale_Firenze","CO","mg/m³","02/11/2022","09","1.13","-1"
"Potenza_Viale_Firenze","CO","mg/m³","02/11/2022","10","0.75","1"
"Potenza_Viale_Firenze","CO","mg/m³","02/11/2022","11","0.37","1"
"Potenza_Viale_Firenze","CO","mg/m³","02/11/2022","12","0.36","1"
"Potenza_Viale_Firenze","CO","mg/m³","02/11/2022","13","0.32","1"
"Potenza_Viale_Firenze","CO","mg/m³","02/11/2022","14","0.30","1"
"Potenza_Viale_Firenze","CO","mg/m³","02/11/2022","15","0.31","1"
"Potenza_Viale_Firenze","CO","mg/m³","02/11/2022","16","0.26","1"
"Potenza_Viale_Firenze","CO","mg/m³","02/11/2022","17","0.41","1"
"Potenza_Viale_Firenze","CO","mg/m³","02/11/2022","18","1.07","1"
"Potenza_Viale_Firenze","CO","mg/m³","02/11/2022","19","1.05","1"
"Potenza_Viale_Firenze","CO","mg/m³","02/11/2022","20","0.98","1"
"Potenza_Viale_Firenze","CO","mg/m³","02/11/2022","21","1.12","1"
"Potenza_Viale_Firenze","CO","mg/m³","02/11/2022","22","0.80","1"
"Potenza_Viale_Firenze","CO","mg/m³","02/11/2022","23","0.53","1"
"Potenza_Viale_Firenze","CO","mg/m³","02/11/2022","24","0.46","1"
"Potenza_Viale_Firenze","CO","mg/m³","03/11/2022","01","0.41","1"
"Potenza_Viale_Firenze","CO","mg/m³","03/11/2022","02","0.32","1"
"Potenza_Viale_Firenze","CO","mg/m³","03/11/2022","03","0.26","1"
"Potenza_Viale_Firenze","CO","mg/m³","03/11/2022","04","0.26","1"
"Potenza_Viale_Firenze","CO","mg/m³","03/11/2022","05","0.23","1"
"Potenza_Viale_Firenze","CO","mg/m³","03/11/2022","06","0.25","1"
"Potenza_Viale_Firenze","CO","mg/m³","03/11/2022","07","0.52","1"
"Potenza_Viale_Firenze","CO","mg/m³","03/11/2022","08","1.19","-1"
"Potenza_Viale_Firenze","CO","mg/m³","03/11/2022","09","0.91","1"
"Potenza_Viale_Firenze","CO","mg/m³","03/11/2022","10","0.47","1"
"Potenza_Viale_Firenze","CO","mg/m³","03/11/2022","11","0.43","1"
"Potenza_Viale_Firenze","CO","mg/m³","03/11/2022","12","0.35","1"
"Potenza_Viale_Firenze","CO","mg/m³","03/11/2022","13","0.31","1"
"Potenza_Viale_Firenze","CO","mg/m³","03/11/2022","14","0.38","1"
"Potenza_Viale_Firenze","CO","mg/m³","03/11/2022","15","0.30","1"
"Potenza_Viale_Firenze","CO","mg/m³","03/11/2022","16","0.30","1"
"Potenza_Viale_Firenze","CO","mg/m³","03/11/2022","17","0.36","1"
"Potenza_Viale_Firenze","CO","mg/m³","03/11/2022","18","0.35","1"
"Potenza_Viale_Firenze","CO","mg/m³","03/11/2022","19","0.42","1"
"Potenza_Viale_Firenze","CO","mg/m³","03/11/2022","20","0.79","1"
"Potenza_Viale_Firenze","CO","mg/m³","03/11/2022","21","0.80","1"
"Potenza_Viale_Firenze","CO","mg/m³","03/11/2022","22","0.64","1"
"Potenza_Viale_Firenze","CO","mg/m³","03/11/2022","23","0.41","1"
"Potenza_Viale_Firenze","CO","mg/m³","03/11/2022","24","0.40","1"
"Potenza_Viale_Firenze","CO","mg/m³","04/11/2022","01","0.40","1"
"Potenza_Viale_Firenze","CO","mg/m³","04/11/2022","02","0.30","1"
"Potenza_Viale_Firenze","CO","mg/m³","04/11/2022","03","0.30","1"
"Potenza_Viale_Firenze","CO","mg/m³","04/11/2022","04","0.27","1"
"Potenza_Viale_Firenze","CO","mg/m³","04/11/2022","05","0.22","1"
"Potenza_Viale_Firenze","CO","mg/m³","04/11/2022","06","0.23","1"
"Potenza_Viale_Firenze","CO","mg/m³","04/11/2022","07","0.53","-1"
"Potenza_Viale_Firenze","CO","mg/m³","04/11/2022","08","0.90","1"
"Potenza_Viale_Firenze","CO","mg/m³","04/11/2022","09","1.04","1"
"Potenza_Viale_Firenze","CO","mg/m³","04/11/2022","10","0.91","1"
"Potenza_Viale_Firenze","CO","mg/m³","04/11/2022","11","0.69","1"
"Potenza_Viale_Firenze","CO","mg/m³","04/11/2022","12","0.56","1"
"Potenza_Viale_Firenze","CO","mg/m³","04/11/2022","13","0.54","1"
"Potenza_Viale_Firenze","CO","mg/m³","04/11/2022","14","0.39","1"
"Potenza_Viale_Firenze","CO","mg/m³","04/11/2022","15","0.34","1"
"Potenza_Viale_Firenze","CO","mg/m³","04/11/2022","16","0.37","1"
"Potenza_Viale_Firenze","CO","mg/m³","04/11/2022","17","0.46","1"
"Potenza_Viale_Firenze","CO","mg/m³","04/11/2022","18","0.39","1"
"Potenza_Viale_Firenze","CO","mg/m³","04/11/2022","19","0.39","1"
"Potenza_Viale_Firenze","CO","mg/m³","04/11/2022","20","0.44","1"
"Potenza_Viale_Firenze","CO","mg/m³","04/11/2022","21","0.34","1"
"Potenza_Viale_Firenze","CO","mg/m³","04/11/2022","22","0.29","1"
"Potenza_Viale_Firenze","CO","mg/m³","04/11/2022","23","0.22","1"
"Potenza_Viale_Firenze","CO","mg/m³","04/11/2022","24","0.23","1"
"Potenza_Viale_Firenze","CO","mg/m³","05/11/2022","01","0.25","1"
"Potenza_Viale_Firenze","CO","mg/m³","05/11/2022","02","0.26","1"
"Potenza_Viale_Firenze","CO","mg/m³","05/11/2022","03","0.20","1"
"Potenza_Viale_Firenze","CO","mg/m³","05/11/2022","04","0.17","1"
"Potenza_Viale_Firenze","CO","mg/m³","05/11/2022","05","0.16","1"
"Potenza_Viale_Firenze","CO","mg/m³","05/11/2022","06","0.20","-1"
"Potenza_Viale_Firenze","CO","mg/m³","05/11/2022","07","0.33","1"
"Potenza_Viale_Firenze","CO","mg/m³","05/11/2022","08","0.48","1"
"Potenza_Viale_Firenze","CO","mg/m³","05/11/2022","09","0.59","1"
"Potenza_Viale_Firenze","CO","mg/m³","05/11/2022","10","0.41","1"
"Potenza_Viale_Firenze","CO","mg/m³","05/11/2022","11","0.47","1"
"Potenza_Viale_Firenze","CO","mg/m³","05/11/2022","12","0.53","1"
"Potenza_Viale_Firenze","CO","mg/m³","05/11/2022","13","0.52","1"
"Potenza_Viale_Firenze","CO","mg/m³","05/11/2022","14","0.44","1"
"Potenza_Viale_Firenze","CO","mg/m³","05/11/2022","15","0.31","1"
"Potenza_Viale_Firenze","CO","mg/m³","05/11/2022","16","0.31","1"
"Potenza_Viale_Firenze","CO","mg/m³","05/11/2022","17","0.34","1"
"Potenza_Viale_Firenze","CO","mg/m³","05/11/2022","18","0.46","1"
"Potenza_Viale_Firenze","CO","mg/m³","05/11/2022","19","0.62","1"
"Potenza_Viale_Firenze","CO","mg/m³","05/11/2022","20","0.36","1"
"Potenza_Viale_Firenze","CO","mg/m³","05/11/2022","21","0.34","1"
"Potenza_Viale_Firenze","CO","mg/m³","05/11/2022","22","0.30","1"
"Potenza_Viale_Firenze","CO","mg/m³","05/11/2022","23","0.31","1"
"Potenza_Viale_Firenze","CO","mg/m³","05/11/2022","24","0.31","1"
"Potenza_Viale_Firenze","CO","mg/m³","06/11/2022","01","0.35","1"
"Potenza_Viale_Firenze","CO","mg/m³","06/11/2022","02","0.28","1"
"Potenza_Viale_Firenze","CO","mg/m³","06/11/2022","03","0.24","1"
"Potenza_Viale_Firenze","CO","mg/m³","06/11/2022","04","0.24","1"
"Potenza_Viale_Firenze","CO","mg/m³","06/11/2022","05","0.23","-1"
"Potenza_Viale_Firenze","CO","mg/m³","06/11/2022","06","0.18","1"
"Potenza_Viale_Firenze","CO","mg/m³","06/11/2022","07","0.22","1"
"Potenza_Viale_Firenze","CO","mg/m³","06/11/2022","08","0.24","1"
"Potenza_Viale_Firenze","CO","mg/m³","06/11/2022","09","0.25","1"
"Potenza_Viale_Firenze","CO","mg/m³","06/11/2022","10","0.29","1"
"Potenza_Viale_Firenze","CO","mg/m³","06/11/2022","11","0.34","1"
"Potenza_Viale_Firenze","CO","mg/m³","06/11/2022","12","0.33","1"
"Potenza_Viale_Firenze","CO","mg/m³","06/11/2022","13","0.33","1"
"Potenza_Viale_Firenze","CO","mg/m³","06/11/2022","14","0.31","1"
"Potenza_Viale_Firenze","CO","mg/m³","06/11/2022","15","0.28","1"
"Potenza_Viale_Firenze","CO","mg/m³","06/11/2022","16","0.26","1"
"Potenza_Viale_Firenze","CO","mg/m³","06/11/2022","17","0.27","1"
"Potenza_Viale_Firenze","CO","mg/m³","06/11/2022","18","0.36","1"
"Potenza_Viale_Firenze","CO","mg/m³","06/11/2022","19","0.49","1"
"Potenza_Viale_Firenze","CO","mg/m³","06/11/2022","20","0.71","1"
"Potenza_Viale_Firenze","CO","mg/m³","06/11/2022","21","0.85","1"
"Potenza_Viale_Firenze","CO","mg/m³","06/11/2022","22","0.70","1"
"Potenza_Viale_Firenze","CO","mg/m³","06/11/2022","23","0.65","1"
"Potenza_Viale_Firenze","CO","mg/m³","06/11/2022","24","0.59","1"
"Potenza_Viale_Firenze","CO","mg/m³","07/11/2022","01","0.52","1"
"Potenza_Viale_Firenze","CO","mg/m³","07/11/2022","02","0.42","1"
"Potenza_Viale_Firenze","CO","mg/m³","07/11/2022","03","0.37","1"
"Potenza_Viale_Firenze","CO","mg/m³","07/11/2022","04","0.32","-1"
"Potenza_Viale_Firenze","CO","mg/m³","07/11/2022","05","0.33","1"
"Potenza_Viale_Firenze","CO","mg/m³","07/11/2022","06","0.34","1"
"Potenza_Viale_Firenze","CO","mg/m³","07/11/2022","07","0.66","1"
"Potenza_Viale_Firenze","CO","mg/m³","07/11/2022","08","0.94","1"
"Potenza_Viale_Firenze","CO","mg/m³","07/11/2022","09","1.25","1"
"Potenza_Viale_Firenze","CO","mg/m³","07/11/2022","10","0.48","1"
"Potenza_Viale_Firenze","CO","mg/m³","07/11/2022","11","0.42","1"
"Potenza_Viale_Firenze","CO","mg/m³","07/11/2022","12","0.40","1"
"Potenza_Viale_Firenze","CO","mg/m³","07/11/2022","13","0.39","1"
"Potenza_Viale_Firenze","CO","mg/m³","07/11/2022","14","0.36","1"
"Potenza_Viale_Firenze","CO","mg/m³","07/11/2022","15","0.32","1"
"Potenza_Viale_Firenze","CO","mg/m³","07/11/2022","16","0.45","1"
"Potenza_Viale_Firenze","CO","mg/m³","07/11/2022","17","0.66","1"
"Potenza_Viale_Firenze","CO","mg/m³","07/11/2022","18","1.22","1"
"Potenza_Viale_Firenze","CO","mg/m³","07/11/2022","19","1.42","1"
"Potenza_Viale_Firenze","CO","mg/m³","07/11/2022","20","1.34","1"
"Potenza_Viale_Firenze","CO","mg/m³","07/11/2022","21","1.30","1"
"Potenza_Viale_Firenze","CO","mg/m³","07/11/2022","22","1.21","1"
"Potenza_Viale_Firenze","CO","mg/m³","07/11/2022","23","0.96","1"
"Potenza_Viale_Firenze","CO","mg/m³","07/11/2022","24","0.82","1"
"Potenza_Viale_Firenze","CO","mg/m³","08/11/2022","01","0.66","1"
"Potenza_Viale_Firenze","CO","mg/m³","08/11/2022","02","0.60","1"
"Potenza_Viale_Firenze","CO","mg/m³","08/11/2022","03","0.52","-1"
"Potenza_Viale_Firenze","CO","mg/m³","08/11/2022","04","0.53","1"
"Potenza_Viale_Firenze","CO","mg/m³","08/11/2022","05","0.49","1"
"Potenza_Viale_Firenze","CO","mg/m³","08/11/2022","06","0.45","1"
"Potenza_Viale_Firenze","CO","mg/m³","08/11/2022","07","0.79","1"
"Potenza_Viale_Firenze","CO","mg/m³","08/11/2022","08","1.36","1"
"Potenza_Viale_Firenze","CO","mg/m³","08/11/2022","09","1.56","1"
"Potenza_Viale_Firenze","CO","mg/m³","08/11/2022","10","0.89","1"
"Potenza_Viale_Firenze","CO","mg/m³","08/11/2022","11","0.58","1"
"Potenza_Viale_Firenze","CO","mg/m³","08/11/2022","12","0.53","1"
"Potenza_Viale_Firenze","CO","mg/m³","08/11/2022","13","0.48","1"
"Potenza_Viale_Firenze","CO","mg/m³","08/11/2022","14","0.43","1"
"Potenza_Viale_Firenze","CO","mg/m³","08/11/2022","15","0.39","1"
"Potenza_Viale_Firenze","CO","mg/m³","08/11/2022","16","0.37","1"
"Potenza_Viale_Firenze","CO","mg/m³","08/11/2022","17","0.94","1"
"Potenza_Viale_Firenze","CO","mg/m³","08/11/2022","18","1.32","1"
"Potenza_Viale_Firenze","CO","mg/m³","08/11/2022","19","1.30","1"
"Potenza_Viale_Firenze","CO","mg/m³","08/11/2022","20","1.50","1"
"Potenza_Viale_Firenze","CO","mg/m³","08/11/2022","21","1.49","1"
"Potenza_Viale_Firenze","CO","mg/m³","08/11/2022","22","1.39","1"
"Potenza_Viale_Firenze","CO","mg/m³","08/11/2022","23","1.14","1"
"Potenza_Viale_Firenze","CO","mg/m³","08/11/2022","24","0.86","1"
"Potenza_Viale_Firenze","CO","mg/m³","09/11/2022","01","0.87","1"
"Potenza_Viale_Firenze","CO","mg/m³","09/11/2022","02","0.66","-1"
"Potenza_Viale_Firenze","CO","mg/m³","09/11/2022","03","0.59","1"
"Potenza_Viale_Firenze","CO","mg/m³","09/11/2022","04","0.48","1"
"Potenza_Viale_Firenze","CO","mg/m³","09/11/2022","05","0.40","1"
"Potenza_Viale_Firenze","CO","mg/m³","09/11/2022","06","0.42","1"
"Potenza_Viale_Firenze","CO","mg/m³","09/11/2022","07","0.69","1"
"Potenza_Viale_Firenze","CO","mg/m³","09/11/2022","08","1.37","1"
"Potenza_Viale_Firenze","CO","mg/m³","09/11/2022","09","1.20","1"
"Potenza_Viale_Firenze","CO","mg/m³","09/11/2022","10","0.72","1"
"Potenza_Viale_Firenze","CO","mg/m³","09/11/2022","11","0.59","1"
"Potenza_Viale_Firenze","CO","mg/m³","09/11/2022","12","0.62","1"
"Potenza_Viale_Firenze","CO","mg/m³","09/11/2022","13","0.43","1"
"Potenza_Viale_Firenze","CO","mg/m³","09/11/2022","14","0.46","1"
"Potenza_Viale_Firenze","CO","mg/m³","09/11/2022","15","0.38","1"
"Potenza_Viale_Firenze","CO","mg/m³","09/11/2022","16","0.39","1"
"Potenza_Viale_Firenze","CO","mg/m³","09/11/2022","17","0.43","1"
"Potenza_Viale_Firenze","CO","mg/m³","09/11/2022","18","0.61","1"
"Potenza_Viale_Firenze","CO","mg/m³","09/11/2022","19","1.11","1"
"Potenza_Viale_Firenze","CO","mg/m³","09/11/2022","20","1.28","1"
"Potenza_Viale_Firenze","CO","mg/m³","09/11/2022","21","1.23","1"
"Potenza_Viale_Firenze","CO","mg/m³","09/11/2022","22","1.22","1"
"Potenza_Viale_Firenze","CO","mg/m³","09/11/2022","23","0.84","1"
"Potenza_Viale_Firenze","CO","mg/m³","09/11/2022","24","0.67","1"
"Potenza_Viale_Firenze","CO","mg/m³","10/11/2022","01","0.55","-1"
"Potenza_Viale_Firenze","CO","mg/m³","10/11/2022","02","0.50","1"
"Potenza_Viale_Firenze","CO","mg/m³","10/11/2022","03","0.46","1"
"Potenza_Viale_Firenze","CO","mg/m³","10/11/2022","04","0.41","1"
"Potenza_Viale_Firenze","CO","mg/m³","10/11/2022","05","0.38","1"
"Potenza_Viale_Firenze","CO","mg/m³","10/11/2022","06","0.41","1"
"Potenza_Viale_Firenze","CO","mg/m³","10/11/2022","07","0.56","1"
"Potenza_Viale_Firenze","CO","mg/m³","10/11/2022","08","0.96","1"
"Potenza_Viale_Firenze","CO","mg/m³","10/11/2022","09","1.29","1"
"Potenza_Viale_Firenze","CO","mg/m³","10/11/2022","10","0.50","1"
"Potenza_Viale_Firenze","CO","mg/m³","10/11/2022","11","0.46","1"
"Potenza_Viale_Firenze","CO","mg/m³","10/11/2022","12","0.38","1"
"Potenza_Viale_Firenze","CO","mg/m³","10/11/2022","13","0.39","1"
"Potenza_Viale_Firenze","CO","mg/m³","10/11/2022","14","0.45","1"
"Potenza_Viale_Firenze","CO","mg/m³","10/11/2022","15","0.40","1"
"Potenza_Viale_Firenze","CO","mg/m³","10/11/2022","16","0.52","1"
"Potenza_Viale_Firenze","CO","mg/m³","10/11/2022","17","0.60","1"
"Potenza_Viale_Firenze","CO","mg/m³","10/11/2022","18","0.68","1"
"Potenza_Viale_Firenze","CO","mg/m³","10/11/2022","19","0.87","1"
"Potenza_Viale_Firenze","CO","mg/m³","10/11/2022","20","0.79","1"
"Potenza_Viale_Firenze","CO","mg/m³","10/11/2022","21","0.99","1"
"Potenza_Viale_Firenze","CO","mg/m³","10/11/2022","22","0.73","1"
"Potenza_Viale_Firenze","CO","mg/m³","10/11/2022","23","0.59","1"
"Potenza_Viale_Firenze","CO","mg/m³","10/11/2022","24","0.76","-1"
"Potenza_Viale_Firenze","CO","mg/m³","11/11/2022","01","0.62","1"
"Potenza_Viale_Firenze","CO","mg/m³","11/11/2022","02","0.50","1"
"Potenza_Viale_Firenze","CO","mg/m³","11/11/2022","03","0.45","1"
"Potenza_Viale_Firenze","CO","mg/m³","11/11/2022","04","0.50","1"
"Potenza_Viale_Firenze","CO","mg/m³","11/11/2022","05","0.45","1"
"Potenza_Viale_Firenze","CO","mg/m³","11/11/2022","06","0.48","1"
"Potenza_Viale_Firenze","CO","mg/m³","11/11/2022","07","0.60","1"
"Potenza_Viale_Firenze","CO","mg/m³","11/11/2022","08","1.00","1"
"Potenza_Viale_Firenze","CO","mg/m³","11/11/2022","09","0.87","1"
"Potenza_Viale_Firenze","CO","mg/m³","11/11/2022","10","0.53","1"
"Potenza_Viale_Firenze","CO","mg/m³","11/11/2022","11","0.46","1"
"Potenza_Viale_Firenze","CO","mg/m³","11/11/2022","12","0.49","1"
"Potenza_Viale_Firenze","CO","mg/m³","11/11/2022","13","0.50","1"
"Potenza_Viale_Firenze","CO","mg/m³","11/11/2022","14","0.55","1"
"Potenza_Viale_Firenze","CO","mg/m³","11/11/2022","15","0.43","1"
"Potenza_Viale_Firenze","CO","mg/m³","11/11/2022","16","0.48","1"
"Potenza_Viale_Firenze","CO","mg/m³","11/11/2022","17","0.48","1"
"Potenza_Viale_Firenze","CO","mg/m³","11/11/2022","18","0.57","1"
"Potenza_Viale_Firenze","CO","mg/m³","11/11/2022","19","0.64","1"
"Potenza_Viale_Firenze","CO","mg/m³","11/11/2022","20","0.51","1"
"Potenza_Viale_Firenze","CO","mg/m³","11/11/2022","21","0.46","1"
"Potenza_Viale_Firenze","CO","mg/m³","11/11/2022","22","0.36","1"
"Potenza_Viale_Firenze","CO","mg/m³","11/11/2022","23","0.34","-1"
"Potenza_Viale_Firenze","CO","mg/m³","11/11/2022","24","0.33","1"
"Potenza_Viale_Firenze","CO","mg/m³","12/11/2022","01","0.29","1"
"Potenza_Viale_Firenze","CO","mg/m³","12/11/2022","02","0.28","1"
"Potenza_Viale_Firenze","CO","mg/m³","12/11/2022","03","0.28","1"
"Potenza_Viale_Firenze","CO","mg/m³","12/11/2022","04","0.26","1"
"Potenza_Viale_Firenze","CO","mg/m³","12/11/2022","05","0.26","1"
"Potenza_Viale_Firenze","CO","mg/m³","12/11/2022","06","0.27","1"
"Potenza_Viale_Firenze","CO","mg/m³","12/11/2022","07","0.30","1"
"Potenza_Viale_Firenze","CO","mg/m³","12/11/2022","08","0.46","1"
"Potenza_Viale_Firenze","CO","mg/m³","12/11/2022","09","0.57","1"
"Potenza_Viale_Firenze","CO","mg/m³","12/11/2022","10","0.50","1"
"Potenza_Viale_Firenze","CO","mg/m³","12/11/2022","11","0.43","1"
"Potenza_Viale_Firenze","CO","mg/m³","12/11/2022","12","0.46","1"
"Potenza_Viale_Firenze","CO","mg/m³","12/11/2022","13","0.51","1"
"Potenza_Viale_Firenze","CO","mg/m³","12/11/2022","14","0.52","1"
"Potenza_Viale_Firenze","CO","mg/m³","12/11/2022","15","0.40","1"
"Potenza_Viale_Firenze","CO","mg/m³","12/11/2022","16","0.40","1"
"Potenza_Viale_Firenze","CO","mg/m³","12/11/2022","17","0.54","1"
"Potenza_Viale_Firenze","CO","mg/m³","12/11/2022","18","0.66","1"
"Potenza_Viale_Firenze","CO","mg/m³","12/11/2022","19","0.56","1"
"Potenza_Viale_Firenze","CO","mg/m³","12/11/2022","20","0.63","1"
"Potenza_Viale_Firenze","CO","mg/m³","12/11/2022","21","0.55","1"
"Potenza_Viale_Firenze","CO","mg/m³","12/11/2022","22","0.41","-1"
"Potenza_Viale_Firenze","CO","mg/m³","12/11/2022","23","0.36","1"
"Potenza_Viale_Firenze","CO","mg/m³","12/11/2022","24","0.34","1"
"Potenza_Viale_Firenze","CO","mg/m³","13/11/2022","01","0.32","1"
"Potenza_Viale_Firenze","CO","mg/m³","13/11/2022","02","0.31","1"
"Potenza_Viale_Firenze","CO","mg/m³","13/11/2022","03","0.30","1"
"Potenza_Viale_Firenze","CO","mg/m³","13/11/2022","04","0.30","1"
"Potenza_Viale_Firenze","CO","mg/m³","13/11/2022","05","0.30","1"
"Potenza_Viale_Firenze","CO","mg/m³","13/11/2022","06","0.29","1"
"Potenza_Viale_Firenze","CO","mg/m³","13/11/2022","07","0.32","1"
"Potenza_Viale_Firenze","CO","mg/m³","13/11/2022","08","0.34","1"
"Potenza_Viale_Firenze","CO","mg/m³","13/11/2022","09","0.39","1"
"Potenza_Viale_Firenze","CO","mg/m³","13/11/2022","10","0.42","1"
"Potenza_Viale_Firenze","CO","mg/m³","13/11/2022","11","0.46","1"
"Potenza_Viale_Firenze","CO","mg/m³","13/11/2022","12","0.40","1"
"Potenza_Viale_Firenze","CO","mg/m³","13/11/2022","13","0.43","1"
"Potenza_Viale_Firenze","CO","mg/m³","13/11/2022","14","0.42","1"
"Potenza_Viale_Firenze","CO","mg/m³","13/11/2022","15","0.34","1"
"Potenza_Viale_Firenze","CO","mg/m³","13/11/2022","16","0.35","1"
"Potenza_Viale_Firenze","CO","mg/m³","13/11/2022","17","0.39","1"
"Potenza_Viale_Firenze","CO","mg/m³","13/11/2022","18","0.61","1"
"Potenza_Viale_Firenze","CO","mg/m³","13/11/2022","19","0.75","1"
"Potenza_Viale_Firenze","CO","mg/m³","13/11/2022","20","0.87","1"
"Potenza_Viale_Firenze","CO","mg/m³","13/11/2022","21","0.77","-1"
"Potenza_Viale_Firenze","CO","mg/m³","13/11/2022","22","0.77","1"
"Potenza_Viale_Firenze","CO","mg/m³","13/11/2022","23","0.71","1"
"Potenza_Viale_Firenze","CO","mg/m³","13/11/2022","24","0.89","1"
"Potenza_Viale_Firenze","CO","mg/m³","14/11/2022","01","0.81","1"
"Potenza_Viale_Firenze","CO","mg/m³","14/11/2022","02","0.73","1"
"Potenza_Viale_Firenze","CO","mg/m³","14/11/2022","03","0.67","1"
"Potenza_Viale_Firenze","CO","mg/m³","14/11/2022","04","0.60","1"
"Potenza_Viale_Firenze","CO","mg/m³","14/11/2022","05","0.57","1"
"Potenza_Viale_Firenze","CO","mg/m³","14/11/2022","06","0.59","1"
"Potenza_Viale_Firenze","CO","mg/m³","14/11/2022","07","0.89","1"
"Potenza_Viale_Firenze","CO","mg/m³","14/11/2022","08","1.33","1"
"Potenza_Viale_Firenze","CO","mg/m³","14/11/2022","09","1.48","1"
"Potenza_Viale_Firenze","CO","mg/m³","14/11/2022","10","1.25","1"
"Potenza_Viale_Firenze","CO","mg/m³","14/11/2022","11","0.74","1"
"Potenza_Viale_Firenze","CO","mg/m³","14/11/2022","12","0.53","1"
"Potenza_Viale_Firenze","CO","mg/m³","14/11/2022","13","0.55","1"
"Potenza_Viale_Firenze","CO","mg/m³","14/11/2022","14","0.70","1"
"Potenza_Viale_Firenze","CO","mg/m³","14/11/2022","15","0.68","1"
"Potenza_Viale_Firenze","CO","mg/m³","14/11/2022","16","0.82","1"
"Potenza_Viale_Firenze","CO","mg/m³","14/11/2022","17","1.21","1"
"Potenza_Viale_Firenze","CO","mg/m³","14/11/2022","18","1.59","1"
"Potenza_Viale_Firenze","CO","mg/m³","14/11/2022","19","1.55","1"
"Potenza_Viale_Firenze","CO","mg/m³","14/11/2022","20","1.71","-1"
"Potenza_Viale_Firenze","CO","mg/m³","14/11/2022","21","1.44","1"
"Potenza_Viale_Firenze","CO","mg/m³","14/11/2022","22","1.09","1"
"Potenza_Viale_Firenze","CO","mg/m³","14/11/2022","23","0.66","1"
"Potenza_Viale_Firenze","CO","mg/m³","14/11/2022","24","0.71","1"
"Potenza_Viale_Firenze","CO","mg/m³","15/11/2022","01","0.63","1"
"Potenza_Viale_Firenze","CO","mg/m³","15/11/2022","02","0.50","1"
"Potenza_Viale_Firenze","CO","mg/m³","15/11/2022","03","0.44","1"
"Potenza_Viale_Firenze","CO","mg/m³","15/11/2022","04","0.37","1"
"Potenza_Viale_Firenze","CO","mg/m³","15/11/2022","05","0.35","1"
"Potenza_Viale_Firenze","CO","mg/m³","15/11/2022","06","0.44","1"
"Potenza_Viale_Firenze","CO","mg/m³","15/11/2022","07","0.63","1"
"Potenza_Viale_Firenze","CO","mg/m³","15/11/2022","08","1.33","1"
"Potenza_Viale_Firenze","CO","mg/m³","15/11/2022","09","1.49","1"
"Potenza_Viale_Firenze","CO","mg/m³","15/11/2022","10","0.72","1"
"Potenza_Viale_Firenze","CO","mg/m³","15/11/2022","11","0.56","1"
"Potenza_Viale_Firenze","CO","mg/m³","15/11/2022","12","0.49","1"
"Potenza_Viale_Firenze","CO","mg/m³","15/11/2022","13","0.49","1"
"Potenza_Viale_Firenze","CO","mg/m³","15/11/2022","14","0.51","1"
"Potenza_Viale_Firenze","CO","mg/m³","15/11/2022","15","0.47","1"
"Potenza_Viale_Firenze","CO","mg/m³","15/11/2022","16","0.52","1"
"Potenza_Viale_Firenze","CO","mg/m³","15/11/2022","17","0.92","1"
"Potenza_Viale_Firenze","CO","mg/m³","15/11/2022","18","1.56","1"
"Potenza_Viale_Firenze","CO","mg/m³","15/11/2022","19","1.45","-1"
"Potenza_Viale_Firenze","CO","mg/m³","15/11/2022","20","1.47","1"
"Potenza_Viale_Firenze","CO","mg/m³","15/11/2022","21","1.41","1"
"Potenza_Viale_Firenze","CO","mg/m³","15/11/2022","22","0.86","1"
"Potenza_Viale_Firenze","CO","mg/m³","15/11/2022","23","0.66","1"
"Potenza_Viale_Firenze","CO","mg/m³","15/11/2022","24","0.53","1"
"Potenza_Viale_Firenze","CO","mg/m³","16/11/2022","01","0.50","1"
"Potenza_Viale_Firenze","CO","mg/m³","16/11/2022","02","0.42","1"
"Potenza_Viale_Firenze","CO","mg/m³","16/11/2022","03","0.35","1"
"Potenza_Viale_Firenze","CO","mg/m³","16/11/2022","04","0.31","1"
"Potenza_Viale_Firenze","CO","mg/m³","16/11/2022","05","0.31","1"
"Potenza_Viale_Firenze","CO","mg/m³","16/11/2022","06","0.31","1"
"Potenza_Viale_Firenze","CO","mg/m³","16/11/2022","07","0.38","1"
"Potenza_Viale_Firenze","CO","mg/m³","16/11/2022","08","0.64","1"
"Potenza_Viale_Firenze","CO","mg/m³","16/11/2022","09","0.81","1"
"Potenza_Viale_Firenze","CO","mg/m³","16/11/2022","10","0.68","1"
"Potenza_Viale_Firenze","CO","mg/m³","16/11/2022","11","0.56","1"
"Potenza_Viale_Firenze","CO","mg/m³","16/11/2022","12","0.47","1"
"Potenza_Viale_Firenze","CO","mg/m³","16/11/2022","13","0.72","1"
"Potenza_Viale_Firenze","CO","mg/m³","16/11/2022","14","0.80","1"
"Potenza_Viale_Firenze","CO","mg/m³","16/11/2022","15","0.61","1"
"Potenza_Viale_Firenze","CO","mg/m³","16/11/2022","16","0.64","1"
"Potenza_Viale_Firenze","CO","mg/m³","16/11/2022","17","0.66","1"
"Potenza_Viale_Firenze","CO","mg/m³","16/11/2022","18","0.67","-1"
"Potenza_Viale_Firenze","CO","mg/m³","16/11/2022","19","0.60","1"
"Potenza_Viale_Firenze","CO","mg/m³","16/11/2022","20","0.64","1"
"Potenza_Viale_Firenze","CO","mg/m³","16/11/2022","21","0.80","1"
"Potenza_Viale_Firenze","CO","mg/m³","16/11/2022","22","0.60","1"
"Potenza_Viale_Firenze","CO","mg/m³","16/11/2022","23","0.70","1"
"Potenza_Viale_Firenze","CO","mg/m³","16/11/2022","24","0.66","1"
"Potenza_Viale_Firenze","CO","mg/m³","17/11/2022","01","0.42","1"
"Potenza_Viale_Firenze","CO","mg/m³","17/11/2022","02","0.34","1"
"Potenza_Viale_Firenze","CO","mg/m³","17/11/2022","03","0.29","1"
"Potenza_Viale_Firenze","CO","mg/m³","17/11/2022","04","0.30","1"
"Potenza_Viale_Firenze","CO","mg/m³","17/11/2022","05","0.29","1"
"Potenza_Viale_Firenze","CO","mg/m³","17/11/2022","06","0.34","1"
"Potenza_Viale_Firenze","CO","mg/m³","17/11/2022","07","0.55","1"
"Potenza_Viale_Firenze","CO","mg/m³","17/11/2022","08","1.24","1"
"Potenza_Viale_Firenze","CO","mg/m³","17/11/2022","09","0.87","1"
"Potenza_Viale_Firenze","CO","mg/m³","17/11/2022","10","0.51","1"
"Potenza_Viale_Firenze","CO","mg/m³","17/11/2022","11","0.45","1"
"Potenza_Viale_Firenze","CO","mg/m³","17/11/2022","12","0.45","1"
"Potenza_Viale_Firenze","CO","mg/m³","17/11/2022","13","0.51","1"
"Potenza_Viale_Firenze","CO","mg/m³","17/11/2022","14","0.44","1"
"Potenza_Viale_Firenze","CO","mg/m³","17/11/2022","15","0.38","1"
"Potenza_Viale_Firenze","CO","mg/m³","17/11/2022","16","0.42","1"
"Potenza_Viale_Firenze","CO","mg/m³","17/11/2022","17","0.53","-1"
"Potenza_Viale_Firenze","CO","mg/m³","17/11/2022","18","0.51","1"
"Potenza_Viale_Firenze","CO","mg/m³","17/11/2022","19","0.56","1"
"Potenza_Viale_Firenze","CO","mg/m³","17/11/2022","20","0.66","1"
"Potenza_Viale_Firenze","CO","mg/m³","17/11/2022","21","0.60","1"
"Potenza_Viale_Firenze","CO","mg/m³","17/11/2022","22","0.50","1"
"Potenza_Viale_Firenze","CO","mg/m³","17/11/2022","23","0.42","1"
"Potenza_Viale_Firenze","CO","mg/m³","17/11/2022","24","0.42","1"
"Potenza_Viale_Firenze","CO","mg/m³","18/11/2022","01","0.35","1"
"Potenza_Viale_Firenze","CO","mg/m³","18/11/2022","02","0.30","1"
"Potenza_Viale_Firenze","CO","mg/m³","18/11/2022","03","0.31","1"
"Potenza_Viale_Firenze","CO","mg/m³","18/11/2022","04","0.31","1"
"Potenza_Viale_Firenze","CO","mg/m³","18/11/2022","05","0.29","1"
"Potenza_Viale_Firenze","CO","mg/m³","18/11/2022","06","0.31","1"
"Potenza_Viale_Firenze","CO","mg/m³","18/11/2022","07","0.53","1"
"Potenza_Viale_Firenze","CO","mg/m³","18/11/2022","08","1.06","1"
"Potenza_Viale_Firenze","CO","mg/m³","18/11/2022","09","0.84","1"
"Potenza_Viale_Firenze","CO","mg/m³","18/11/2022","10","0.59","1"
"Potenza_Viale_Firenze","CO","mg/m³","18/11/2022","11","0.58","1"
"Potenza_Viale_Firenze","CO","mg/m³","18/11/2022","12","0.49","1"
"Potenza_Viale_Firenze","CO","mg/m³","18/11/2022","13","0.48","1"
"Potenza_Viale_Firenze","CO","mg/m³","18/11/2022","14","0.52","1"
"Potenza_Viale_Firenze","CO","mg/m³","18/11/2022","15","0.38","1"
"Potenza_Viale_Firenze","CO","mg/m³","18/11/2022","16","0.38","-1"
"Potenza_Viale_Firenze","CO","mg/m³","18/11/2022","17","0.39","1"
"Potenza_Viale_Firenze","CO","mg/m³","18/11/2022","18","0.46","1"
"Potenza_Viale_Firenze","CO","mg/m³","18/11/2022","19","0.49","1"
"Potenza_Viale_Firenze","CO","mg/m³","18/11/2022","20","0.51","1"
"Potenza_Viale_Firenze","CO","mg/m³","18/11/2022","21","0.54","1"
"Potenza_Viale_Firenze","CO","mg/m³","18/11/2022","22","0.44","1"
"Potenza_Viale_Firenze","CO","mg/m³","18/11/2022","23","0.43","1"
"Potenza_Viale_Firenze","CO","mg/m³","18/11/2022","24","0.41","1"
"Potenza_Viale_Firenze","CO","mg/m³","19/11/2022","01","0.37","1"
"Potenza_Viale_Firenze","CO","mg/m³","19/11/2022","02","0.36","1"
"Potenza_Viale_Firenze","CO","mg/m³","19/11/2022","03","0.41","1"
"Potenza_Viale_Firenze","CO","mg/m³","19/11/2022","04","0.37","1"
"Potenza_Viale_Firenze","CO","mg/m³","19/11/2022","05","0.36","1"
"Potenza_Viale_Firenze","CO","mg/m³","19/11/2022","06","0.37","1"
"Potenza_Viale_Firenze","CO","mg/m³","19/11/2022","07","0.54","1"
"Potenza_Viale_Firenze","CO","mg/m³","19/11/2022","08","0.90","1"
"Potenza_Viale_Firenze","CO","mg/m³","19/11/2022","09","1.43","1"
"Potenza_Viale_Firenze","CO","mg/m³","19/11/2022","10","1.10","1"
"Potenza_Viale_Firenze","CO","mg/m³","19/11/2022","11","1.22","1"
"Potenza_Viale_Firenze","CO","mg/m³","19/11/2022","12","1.18","1"
"Potenza_Viale_Firenze","CO","mg/m³","19/11/2022","13","1.40","1"
"Potenza_Viale_Firenze","CO","mg/m³","19/11/2022","14","1.14","1"
"Potenza_Viale_Firenze","CO","mg/m³","19/11/2022","15","0.86","-1"
"Potenza_Viale_Firenze","CO","mg/m³","19/11/2022","16","0.54","1"
"Potenza_Viale_Firenze","CO","mg/m³","19/11/2022","17","0.57","1"
"Potenza_Viale_Firenze","CO","mg/m³","19/11/2022","18","0.62","1"
"Potenza_Viale_Firenze","CO","mg/m³","19/11/2022","19","0.54","1"
"Potenza_Viale_Firenze","CO","mg/m³","19/11/2022","20","0.63","1"
"Potenza_Viale_Firenze","CO","mg/m³","19/11/2022","21","0.54","1"
"Potenza_Viale_Firenze","CO","mg/m³","19/11/2022","22","0.41","1"
"Potenza_Viale_Firenze","CO","mg/m³","19/11/2022","23","0.34","1"
"Potenza_Viale_Firenze","CO","mg/m³","19/11/2022","24","0.33","1"
"Potenza_Viale_Firenze","CO","mg/m³","20/11/2022","01","0.32","1"
"Potenza_Viale_Firenze","CO","mg/m³","20/11/2022","02","0.33","1"
"Potenza_Viale_Firenze","CO","mg/m³","20/11/2022","03","0.31","1"
"Potenza_Viale_Firenze","CO","mg/m³","20/11/2022","04","0.31","1"
"Potenza_Viale_Firenze","CO","mg/m³","20/11/2022","05","0.30","1"
"Potenza_Viale_Firenze","CO","mg/m³","20/11/2022","06","0.31","1"
"Potenza_Viale_Firenze","CO","mg/m³","20/11/2022","07","0.34","1"
"Potenza_Viale_Firenze","CO","mg/m³","20/11/2022","08","0.38","1"
"Potenza_Viale_Firenze","CO","mg/m³","20/11/2022","09","0.53","1"
"Potenza_Viale_Firenze","CO","mg/m³","20/11/2022","10","0.54","1"
"Potenza_Viale_Firenze","CO","mg/m³","20/11/2022","11","0.54","1"
"Potenza_Viale_Firenze","CO","mg/m³","20/11/2022","12","0.55","1"
"Potenza_Viale_Firenze","CO","mg/m³","20/11/2022","13","0.45","1"
"Potenza_Viale_Firenze","CO","mg/m³","20/11/2022","14","0.41","-1"
"Potenza_Viale_Firenze","CO","mg/m³","20/11/2022","15","0.46","1"
"Potenza_Viale_Firenze","CO","mg/m³","20/11/2022","16","0.45","1"
"Potenza_Viale_Firenze","CO","mg/m³","20/11/2022","17","0.50","1"
"Potenza_Viale_Firenze","CO","mg/m³","20/11/2022","18","0.53","1"
"Potenza_Viale_Firenze","CO","mg/m³","20/11/2022","19","0.50","1"
"Potenza_Viale_Firenze","CO","mg/m³","20/11/2022","20","0.55","1"
"Potenza_Viale_Firenze","CO","mg/m³","20/11/2022","21","0.52","1"
"Potenza_Viale_Firenze","CO","mg/m³","20/11/2022","22","0.48","1"
"Potenza_Viale_Firenze","CO","mg/m³","20/11/2022","23","0.41","1"
"Potenza_Viale_Firenze","CO","mg/m³","20/11/2022","24","0.46","1"
"Potenza_Viale_Firenze","CO","mg/m³","21/11/2022","01","0.40","1"
"Potenza_Viale_Firenze","CO","mg/m³","21/11/2022","02","0.39","1"
"Potenza_Viale_Firenze","CO","mg/m³","21/11/2022","03","0.39","1"
"Potenza_Viale_Firenze","CO","mg/m³","21/11/2022","04","0.38","1"
"Potenza_Viale_Firenze","CO","mg/m³","21/11/2022","05","0.36","1"
"Potenza_Viale_Firenze","CO","mg/m³","21/11/2022","06","0.43","1"
"Potenza_Viale_Firenze","CO","mg/m³","21/11/2022","07","0.56","1"
"Potenza_Viale_Firenze","CO","mg/m³","21/11/2022","08","0.86","1"
"Potenza_Viale_Firenze","CO","mg/m³","21/11/2022","09","0.81","1"
"Potenza_Viale_Firenze","CO","mg/m³","21/11/2022","10","0.65","1"
"Potenza_Viale_Firenze","CO","mg/m³","21/11/2022","11","0.57","1"
"Potenza_Viale_Firenze","CO","mg/m³","21/11/2022","12","0.51","1"
"Potenza_Viale_Firenze","CO","mg/m³","21/11/2022","13","0.50","-1"
"Potenza_Viale_Firenze","CO","mg/m³","21/11/2022","14","0.58","1"
"Potenza_Viale_Firenze","CO","mg/m³","21/11/2022","15","0.47","1"
"Potenza_Viale_Firenze","CO","mg/m³","21/11/2022","16","0.54","1"
"Potenza_Viale_Firenze","CO","mg/m³","21/11/2022","17","0.60","1"
"Potenza_Viale_Firenze","CO","mg/m³","21/11/2022","18","0.71","1"
"Potenza_Viale_Firenze","CO","mg/m³","21/11/2022","19","0.98","1"
"Potenza_Viale_Firenze","CO","mg/m³","21/11/2022","20","1.06","1"
"Potenza_Viale_Firenze","CO","mg/m³","21/11/2022","21","0.97","1"
"Potenza_Viale_Firenze","CO","mg/m³","21/11/2022","22","0.84","1"
"Potenza_Viale_Firenze","CO","mg/m³","21/11/2022","23","0.51","1"
"Potenza_Viale_Firenze","CO","mg/m³","21/11/2022","24","0.43","1"
"Potenza_Viale_Firenze","CO","mg/m³","22/11/2022","01","0.44","1"
"Potenza_Viale_Firenze","CO","mg/m³","22/11/2022","02","0.37","1"
"Potenza_Viale_Firenze","CO","mg/m³","22/11/2022","03","0.36","1"
"Potenza_Viale_Firenze","CO","mg/m³","22/11/2022","04","0.34","1"
"Potenza_Viale_Firenze","CO","mg/m³","22/11/2022","05","0.35","1"
"Potenza_Viale_Firenze","CO","mg/m³","22/11/2022","06","0.34","1"
"Potenza_Viale_Firenze","CO","mg/m³","22/11/2022","07","0.39","1"
"Potenza_Viale_Firenze","CO","mg/m³","22/11/2022","08","0.48","1"
"Potenza_Viale_Firenze","CO","mg/m³","22/11/2022","09","0.73","1"
"Potenza_Viale_Firenze","CO","mg/m³","22/11/2022","10","0.55","1"
"Potenza_Viale_Firenze","CO","mg/m³","22/11/2022","11","0.49","1"
"Potenza_Viale_Firenze","CO","mg/m³","22/11/2022","12","0.51","-1"
"Potenza_Viale_Firenze","CO","mg/m³","22/11/2022","13","0.54","1"
"Potenza_Viale_Firenze","CO","mg/m³","22/11/2022","14","0.72","1"
"Potenza_Viale_Firenze","CO","mg/m³","22/11/2022","15","0.52","1"
"Potenza_Viale_Firenze","CO","mg/m³","22/11/2022","16","0.52","1"
"Potenza_Viale_Firenze","CO","mg/m³","22/11/2022","17","0.54","1"
"Potenza_Viale_Firenze","CO","mg/m³","22/11/2022","18","0.55","1"
"Potenza_Viale_Firenze","CO","mg/m³","22/11/2022","19","0.63","1"
"Potenza_Viale_Firenze","CO","mg/m³","22/11/2022","20","0.55","1"
"Potenza_Viale_Firenze","CO","mg/m³","22/11/2022","21","0.46","1"
"Potenza_Viale_Firenze","CO","mg/m³","22/11/2022","22","0.39","1"
"Potenza_Viale_Firenze","CO","mg/m³","22/11/2022","23","0.39","1"
"Potenza_Viale_Firenze","CO","mg/m³","22/11/2022","24","0.36","1"
"Potenza_Viale_Firenze","CO","mg/m³","23/11/2022","01","0.35","1"
"Potenza_Viale_Firenze","CO","mg/m³","23/11/2022","02","0.34","1"
"Potenza_Viale_Firenze","CO","mg/m³","23/11/2022","03","0.33","1"
"Potenza_Viale_Firenze","CO","mg/m³","23/11/2022","04","0.33","1"
"Potenza_Viale_Firenze","CO","mg/m³","23/11/2022","05","0.34","1"
"Potenza_Viale_Firenze","CO","mg/m³","23/11/2022","06","0.37","1"
"Potenza_Viale_Firenze","CO","mg/m³","23/11/2022","07","0.42","1"
"Potenza_Viale_Firenze","CO","mg/m³","23/11/2022","08","0.72","1"
"Potenza_Viale_Firenze","CO","mg/m³","23/11/2022","09","0.84","1"
"Potenza_Viale_Firenze","CO","mg/m³","23/11/2022","10","0.67","1"
"Potenza_Viale_Firenze","CO","mg/m³","23/11/2022","11","0.49","-1"
"Potenza_Viale_Firenze","CO","mg/m³","23/11/2022","12","0.51","1"
"Potenza_Viale_Firenze","CO","mg/m³","23/11/2022","13","0.58","1"
"Potenza_Viale_Firenze","CO","mg/m³","23/11/2022","14","0.65","1"
"Potenza_Viale_Firenze","CO","mg/m³","23/11/2022","15","0.53","1"
"Potenza_Viale_Firenze","CO","mg/m³","23/11/2022","16","0.50","1"
"Potenza_Viale_Firenze","CO","mg/m³","23/11/2022","17","0.62","1"
"Potenza_Viale_Firenze","CO","mg/m³","23/11/2022","18","1.00","1"
"Potenza_Viale_Firenze","CO","mg/m³","23/11/2022","19","1.78","1"
"Potenza_Viale_Firenze","CO","mg/m³","23/11/2022","20","1.49","1"
"Potenza_Viale_Firenze","CO","mg/m³","23/11/2022","21","1.21","1"
"Potenza_Viale_Firenze","CO","mg/m³","23/11/2022","22","0.80","1"
"Potenza_Viale_Firenze","CO","mg/m³","23/11/2022","23","0.75","1"
"Potenza_Viale_Firenze","CO","mg/m³","23/11/2022","24","0.78","1"
"Potenza_Viale_Firenze","CO","mg/m³","24/11/2022","01","0.76","1"
"Potenza_Viale_Firenze","CO","mg/m³","24/11/2022","02","0.68","1"
"Potenza_Viale_Firenze","CO","mg/m³","24/11/2022","03","0.55","1"
"Potenza_Viale_Firenze","CO","mg/m³","24/11/2022","04","0.46","1"
"Potenza_Viale_Firenze","CO","mg/m³","24/11/2022","05","0.45","1"
"Potenza_Viale_Firenze","CO","mg/m³","24/11/2022","06","0.56","1"
"Potenza_Viale_Firenze","CO","mg/m³","24/11/2022","07","0.64","1"
"Potenza_Viale_Firenze","CO","mg/m³","24/11/2022","08","1.41","1"
"Potenza_Viale_Firenze","CO","mg/m³","24/11/2022","09","2.07","1"
"Potenza_Viale_Firenze","CO","mg/m³","24/11/2022","10","0.75","-1"
"Potenza_Viale_Firenze","CO","mg/m³","24/11/2022","11","0.53","1"
"Potenza_Viale_Firenze","CO","mg/m³","24/11/2022","12","0.48","1"
"Potenza_Viale_Firenze","CO","mg/m³","24/11/2022","13","0.55","1"
"Potenza_Viale_Firenze","CO","mg/m³","24/11/2022","14","0.53","1"
"Potenza_Viale_Firenze","CO","mg/m³","24/11/2022","15","0.56","1"
"Potenza_Viale_Firenze","CO","mg/m³","24/11/2022","16","0.73","1"
"Potenza_Viale_Firenze","CO","mg/m³","24/11/2022","17","0.95","1"
"Potenza_Viale_Firenze","CO","mg/m³","24/11/2022","18","1.69","1"
"Potenza_Viale_Firenze","CO","mg/m³","24/11/2022","19","1.48","1"
"Potenza_Viale_Firenze","CO","mg/m³","24/11/2022","20","1.14","1"
"Potenza_Viale_Firenze","CO","mg/m³","24/11/2022","21","1.28","1"
"Potenza_Viale_Firenze","CO","mg/m³","24/11/2022","22","1.30","1"
"Potenza_Viale_Firenze","CO","mg/m³","24/11/2022","23","1.19","1"
"Potenza_Viale_Firenze","CO","mg/m³","24/11/2022","24","1.16","1"
"Potenza_Viale_Firenze","CO","mg/m³","25/11/2022","01","1.04","1"
"Potenza_Viale_Firenze","CO","mg/m³","25/11/2022","02","0.78","1"
"Potenza_Viale_Firenze","CO","mg/m³","25/11/2022","03","0.67","1"
"Potenza_Viale_Firenze","CO","mg/m³","25/11/2022","04","0.59","1"
"Potenza_Viale_Firenze","CO","mg/m³","25/11/2022","05","0.60","1"
"Potenza_Viale_Firenze","CO","mg/m³","25/11/2022","06","0.63","1"
"Potenza_Viale_Firenze","CO","mg/m³","25/11/2022","07","0.90","1"
"Potenza_Viale_Firenze","CO","mg/m³","25/11/2022","08","1.23","1"
"Potenza_Viale_Firenze","CO","mg/m³","25/11/2022","09","1.88","-1"
"Potenza_Viale_Firenze","CO","mg/m³","25/11/2022","10","1.74","1"
"Potenza_Viale_Firenze","CO","mg/m³","25/11/2022","11","1.17","1"
"Potenza_Viale_Firenze","CO","mg/m³","25/11/2022","12","1.25","1"
"Potenza_Viale_Firenze","CO","mg/m³","25/11/2022","13","0.81","1"
"Potenza_Viale_Firenze","CO","mg/m³","25/11/2022","14","0.66","1"
"Potenza_Viale_Firenze","CO","mg/m³","25/11/2022","15","0.59","1"
"Potenza_Viale_Firenze","CO","mg/m³","25/11/2022","16","0.66","1"
"Potenza_Viale_Firenze","CO","mg/m³","25/11/2022","17","0.71","1"
"Potenza_Viale_Firenze","CO","mg/m³","25/11/2022","18","1.41","1"
"Potenza_Viale_Firenze","CO","mg/m³","25/11/2022","19","1.72","1"
"Potenza_Viale_Firenze","CO","mg/m³","25/11/2022","20","1.75","1"
"Potenza_Viale_Firenze","CO","mg/m³","25/11/2022","21","1.76","1"
"Potenza_Viale_Firenze","CO","mg/m³","25/11/2022","22","1.52","1"
"Potenza_Viale_Firenze","CO","mg/m³","25/11/2022","23","1.56","1"
"Potenza_Viale_Firenze","CO","mg/m³","25/11/2022","24","1.20","1"
"Potenza_Viale_Firenze","CO","mg/m³","26/11/2022","01","1.13","1"
"Potenza_Viale_Firenze","CO","mg/m³","26/11/2022","02","0.99","1"
"Potenza_Viale_Firenze","CO","mg/m³","26/11/2022","03","0.76","1"
"Potenza_Viale_Firenze","CO","mg/m³","26/11/2022","04","0.46","1"
"Potenza_Viale_Firenze","CO","mg/m³","26/11/2022","05","0.42","1"
"Potenza_Viale_Firenze","CO","mg/m³","26/11/2022","06","0.42","1"
"Potenza_Viale_Firenze","CO","mg/m³","26/11/2022","07","0.47","1"
"Potenza_Viale_Firenze","CO","mg/m³","26/11/2022","08","0.53","-1"
"Potenza_Viale_Firenze","CO","mg/m³","26/11/2022","09","0.58","1"
"Potenza_Viale_Firenze","CO","mg/m³","26/11/2022","10","0.58","1"
"Potenza_Viale_Firenze","CO","mg/m³","26/11/2022","11","0.52","1"
"Potenza_Viale_Firenze","CO","mg/m³","26/11/2022","12","0.60","1"
"Potenza_Viale_Firenze","CO","mg/m³","26/11/2022","13","0.63","1"
"Potenza_Viale_Firenze","CO","mg/m³","26/11/2022","14","0.71","1"
"Potenza_Viale_Firenze","CO","mg/m³","26/11/2022","15","0.55","1"
"Potenza_Viale_Firenze","CO","mg/m³","26/11/2022","16","0.52","1"
"Potenza_Viale_Firenze","CO","mg/m³","26/11/2022","17","0.54","1"
"Potenza_Viale_Firenze","CO","mg/m³","26/11/2022","18","0.55","1"
"Potenza_Viale_Firenze","CO","mg/m³","26/11/2022","19","0.57","1"
"Potenza_Viale_Firenze","CO","mg/m³","26/11/2022","20","0.54","1"
"Potenza_Viale_Firenze","CO","mg/m³","26/11/2022","21","0.52","1"
"Potenza_Viale_Firenze","CO","mg/m³","26/11/2022","22","0.45","1"
"Potenza_Viale_Firenze","CO","mg/m³","26/11/2022","23","0.44","1"
"Potenza_Viale_Firenze","CO","mg/m³","26/11/2022","24","0.42","1"
"Potenza_Viale_Firenze","CO","mg/m³","27/11/2022","01","0.41","1"
"Potenza_Viale_Firenze","CO","mg/m³","27/11/2022","02","0.39","1"
"Potenza_Viale_Firenze","CO","mg/m³","27/11/2022","03","0.38","1"
"Potenza_Viale_Firenze","CO","mg/m³","27/11/2022","04","0.37","1"
"Potenza_Viale_Firenze","CO","mg/m³","27/11/2022","05","0.37","1"
"Potenza_Viale_Firenze","CO","mg/m³","27/11/2022","06","0.38","1"
"Potenza_Viale_Firenze","CO","mg/m³","27/11/2022","07","0.41","-1"
"Potenza_Viale_Firenze","CO","mg/m³","27/11/2022","08","0.43","1"
"Potenza_Viale_Firenze","CO","mg/m³","27/11/2022","09","0.44","1"
"Potenza_Viale_Firenze","CO","mg/m³","27/11/2022","10","0.56","1"
"Potenza_Viale_Firenze","CO","mg/m³","27/11/2022","11","0.63","1"
"Potenza_Viale_Firenze","CO","mg/m³","27/11/2022","12","0.56","1"
"Potenza_Viale_Firenze","CO","mg/m³","27/11/2022","13","0.58","1"
"Potenza_Viale_Firenze","CO","mg/m³","27/11/2022","14","0.52","1"
"Potenza_Viale_Firenze","CO","mg/m³","27/11/2022","15","0.46","1"
"Potenza_Viale_Firenze","CO","mg/m³","27/11/2022","16","0.48","1"
"Potenza_Viale_Firenze","CO","mg/m³","27/11/2022","17","0.54","1"
"Potenza_Viale_Firenze","CO","mg/m³","27/11/2022","18","0.56","1"
"Potenza_Viale_Firenze","CO","mg/m³","27/11/2022","19","0.66","1"
"Potenza_Viale_Firenze","CO","mg/m³","27/11/2022","20","0.60","1"
"Potenza_Viale_Firenze","CO","mg/m³","27/11/2022","21","0.59","1"
"Potenza_Viale_Firenze","CO","mg/m³","27/11/2022","22","0.71","1"
"Potenza_Viale_Firenze","CO","mg/m³","27/11/2022","23","0.67","1"
"Potenza_Viale_Firenze","CO","mg/m³","27/11/2022","24","0.74","1"
"Potenza_Viale_Firenze","CO","mg/m³","28/11/2022","01","0.77","1"
"Potenza_Viale_Firenze","CO","mg/m³","28/11/2022","02","0.63","1"
"Potenza_Viale_Firenze","CO","mg/m³","28/11/2022","03","0.53","1"
"Potenza_Viale_Firenze","CO","mg/m³","28/11/2022","04","0.42","1"
"Potenza_Viale_Firenze","CO","mg/m³","28/11/2022","05","0.42","1"
"Potenza_Viale_Firenze","CO","mg/m³","28/11/2022","06","0.51","-1"
"Potenza_Viale_Firenze","CO","mg/m³","28/11/2022","07","0.65","1"
"Potenza_Viale_Firenze","CO","mg/m³","28/11/2022","08","0.99","1"
"Potenza_Viale_Firenze","CO","mg/m³","28/11/2022","09","0.98","1"
"Potenza_Viale_Firenze","CO","mg/m³","28/11/2022","10","0.95","1"
"Potenza_Viale_Firenze","CO","mg/m³","28/11/2022","11","0.70","1"
"Potenza_Viale_Firenze","CO","mg/m³","28/11/2022","12","0.66","1"
"Potenza_Viale_Firenze","CO","mg/m³","28/11/2022","13","0.75","1"
"Potenza_Viale_Firenze","CO","mg/m³","28/11/2022","14","0.77","1"
"Potenza_Viale_Firenze","CO","mg/m³","28/11/2022","15","0.63","1"
"Potenza_Viale_Firenze","CO","mg/m³","28/11/2022","16","0.60","1"
"Potenza_Viale_Firenze","CO","mg/m³","28/11/2022","17","0.92","1"
"Potenza_Viale_Firenze","CO","mg/m³","28/11/2022","18","1.28","1"
"Potenza_Viale_Firenze","CO","mg/m³","28/11/2022","19","1.29","1"
"Potenza_Viale_Firenze","CO","mg/m³","28/11/2022","20","1.50","1"
"Potenza_Viale_Firenze","CO","mg/m³","28/11/2022","21","1.18","1"
"Potenza_Viale_Firenze","CO","mg/m³","28/11/2022","22","0.91","1"
"Potenza_Viale_Firenze","CO","mg/m³","28/11/2022","23","0.90","1"
"Potenza_Viale_Firenze","CO","mg/m³","28/11/2022","24","0.88","1"
"Potenza_Viale_Firenze","CO","mg/m³","29/11/2022","01","0.67","1"
"Potenza_Viale_Firenze","CO","mg/m³","29/11/2022","02","0.67","1"
"Potenza_Viale_Firenze","CO","mg/m³","29/11/2022","03","0.80","1"
"Potenza_Viale_Firenze","CO","mg/m³","29/11/2022","04","0.67","1"
"Potenza_Viale_Firenze","CO","mg/m³","29/11/2022","05","0.60","-1"
"Potenza_Viale_Firenze","CO","mg/m³","29/11/2022","06","0.63","1"
"Potenza_Viale_Firenze","CO","mg/m³","29/11/2022","07","0.75","1"
"Potenza_Viale_Firenze","CO","mg/m³","29/11/2022","08","1.39","1"
"Potenza_Viale_Firenze","CO","mg/m³","29/11/2022","09","1.53","1"
"Potenza_Viale_Firenze","CO","mg/m³","29/11/2022","10","1.54","1"
"Potenza_Viale_Firenze","CO","mg/m³","29/11/2022","11","0.95","1"
"Potenza_Viale_Firenze","CO","mg/m³","29/11/2022","12","0.71","1"
"Potenza_Viale_Firenze","CO","mg/m³","29/11/2022","13","0.70","1"
"Potenza_Viale_Firenze","CO","mg/m³","29/11/2022","14","0.75","1"
"Potenza_Viale_Firenze","CO","mg/m³","29/11/2022","15","0.66","1"
"Potenza_Viale_Firenze","CO","mg/m³","29/11/2022","16","0.75","1"
"Potenza_Viale_Firenze","CO","mg/m³","29/11/2022","17","0.79","1"
"Potenza_Viale_Firenze","CO","mg/m³","29/11/2022","18","0.94","1"
"Potenza_Viale_Firenze","CO","mg/m³","29/11/2022","19","0.77","1"
"Potenza_Viale_Firenze","CO","mg/m³","29/11/2022","20","0.88","1"
"Potenza_Viale_Firenze","CO","mg/m³","29/11/2022","21","0.82","1"
"Potenza_Viale_Firenze","CO","mg/m³","29/11/2022","22","0.61","1"
"Potenza_Viale_Firenze","CO","mg/m³","29/11/2022","23","0.55","1"
"Potenza_Viale_Firenze","CO","mg/m³","29/11/2022","24","0.54","1"
"Potenza_Viale_Firenze","CO","mg/m³","30/11/2022","01","0.49","1"
"Potenza_Viale_Firenze","CO","mg/m³","30/11/2022","02","0.47","1"
"Potenza_Viale_Firenze","CO","mg/m³","30/11/2022","03","0.47","1"
"Potenza_Viale_Firenze","CO","mg/m³","30/11/2022","04","0.47","-1"
"Potenza_Viale_Firenze","CO","mg/m³","30/11/2022","05","0.46","1"
"Potenza_Viale_Firenze","CO","mg/m³","30/11/2022","06","0.47","1"
"Potenza_Viale_Firenze","CO","mg/m³","30/11/2022","07","0.51","1"
"Potenza_Viale_Firenze","CO","mg/m³","30/11/2022","08","0.67","1"
"Potenza_Viale_Firenze","CO","mg/m³","30/11/2022","09","0.68","1"
"Potenza_Viale_Firenze","CO","mg/m³","30/11/2022","10","0.70","1"
"Potenza_Viale_Firenze","CO","mg/m³","30/11/2022","11","0.69","1"
"Potenza_Viale_Firenze","CO","mg/m³","30/11/2022","12","0.67","1"
"Potenza_Viale_Firenze","CO","mg/m³","30/11/2022","13","0.68","1"
"Potenza_Viale_Firenze","CO","mg/m³","30/11/2022","14","0.71","1"
"Potenza_Viale_Firenze","CO","mg/m³","30/11/2022","15","0.62","1"
"Potenza_Viale_Firenze","CO","mg/m³","30/11/2022","16","0.62","1"
"Potenza_Viale_Firenze","CO","mg/m³","30/11/2022","17","0.68","1"
"Potenza_Viale_Firenze","CO","mg/m³","30/11/2022","18","0.77","1"
"Potenza_Viale_Firenze","CO","mg/m³","30/11/2022","19","0.81","1"
"Potenza_Viale_Firenze","CO","mg/m³","30/11/2022","20","0.79","1"
"Potenza_Viale_Firenze","CO","mg/m³","30/11/2022","21","0.74","1"
"Potenza_Viale_Firenze","CO","mg/m³","30/11/2022","22","0.63","1"
"Potenza_Viale_Firenze","CO","mg/m³","30/11/2022","23","0.59","1"
"Potenza_Viale_Firenze","CO","mg/m³","30/11/2022","24","0.58","1"
"Potenza_Viale_Firenze","CO","mg/m³","01/12/2022","01","0.53","1"
"Potenza_Viale_Firenze","CO","mg/m³","01/12/2022","02","0.51","1"
"Potenza_Viale_Firenze","CO","mg/m³","01/12/2022","03","0.50","-1"
"Potenza_Viale_Firenze","CO","mg/m³","01/12/2022","04","0.52","1"
"Potenza_Viale_Firenze","CO","mg/m³","01/12/2022","05","0.51","1"
"Potenza_Viale_Firenze","CO","mg/m³","01/12/2022","06","0.54","1"
"Potenza_Viale_Firenze","CO","mg/m³","01/12/2022","07","0.64","1"
"Potenza_Viale_Firenze","CO","mg/m³","01/12/2022","08","0.83","1"
"Potenza_Viale_Firenze","CO","mg/m³","01/12/2022","09","1.03","1"
"Potenza_Viale_Firenze","CO","mg/m³","01/12/2022","10","0.99","1"
"Potenza_Viale_Firenze","CO","mg/m³","01/12/2022","11","0.76","1"
"Potenza_Viale_Firenze","CO","mg/m³","01/12/2022","12","0.81","1"
"Potenza_Viale_Firenze","CO","mg/m³","01/12/2022","13","0.92","1"
"Potenza_Viale_Firenze","CO","mg/m³","01/12/2022","14","0.83","1"
"Potenza_Viale_Firenze","CO","mg/m³","01/12/2022","15","0.76","1"
"Potenza_Viale_Firenze","CO","mg/m³","01/12/2022","16","0.82","1"
"Potenza_Viale_Firenze","CO","mg/m³","01/12/2022","17","0.84","1"
"Potenza_Viale_Firenze","CO","mg/m³","01/12/2022","18","0.93","1"
"Potenza_Viale_Firenze","CO","mg/m³","01/12/2022","19","0.94","1"
"Potenza_Viale_Firenze","CO","mg/m³","01/12/2022","20","0.95","1"
"Potenza_Viale_Firenze","CO","mg/m³","01/12/2022","21","0.97","1"
"Potenza_Viale_Firenze","CO","mg/m³","01/12/2022","22","1.09","1"
"Potenza_Viale_Firenze","CO","mg/m³","01/12/2022","23","0.99","1"
"Potenza_Viale_Firenze","CO","mg/m³","01/12/2022","24","1.09","1"
"Potenza_Viale_Firenze","CO","mg/m³","02/12/2022","01","1.19","1"
"Potenza_Viale_Firenze","CO","mg/m³","02/12/2022","02","1.08","-1"
"Potenza_Viale_Firenze","CO","mg/m³","02/12/2022","03","1.03","1"
"Potenza_Viale_Firenze","CO","mg/m³","02/12/2022","04","0.99","1"
"Potenza_Viale_Firenze","CO","mg/m³","02/12/2022","05","0.87","1"
"Potenza_Viale_Firenze","CO","mg/m³","02/12/2022","06","0.92","1"
"Potenza_Viale_Firenze","CO","mg/m³","02/12/2022","07","1.16","1"
"Potenza_Viale_Firenze","CO","mg/m³","02/12/2022","08","1.40","1"
"Potenza_Viale_Firenze","CO","mg/m³","02/12/2022","09","1.62","1"
"Potenza_Viale_Firenze","CO","mg/m³","02/12/2022","10","1.60","1"
"Potenza_Viale_Firenze","CO","mg/m³","02/12/2022","11","1.25","1"
"Potenza_Viale_Firenze","CO","mg/m³","02/12/2022","12","1.27","1"
"Potenza_Viale_Firenze","CO","mg/m³","02/12/2022","13","0.93","1"
"Potenza_Viale_Firenze","CO","mg/m³","02/12/2022","14","0.91","1"
"Potenza_Viale_Firenze","CO","mg/m³","02/12/2022","15","0.75","1"
"Potenza_Viale_Firenze","CO","mg/m³","02/12/2022","16","0.78","1"
"Potenza_Viale_Firenze","CO","mg/m³","02/12/2022","17","0.99","1"
"Potenza_Viale_Firenze","CO","mg/m³","02/12/2022","18","1.61","1"
"Potenza_Viale_Firenze","CO","mg/m³","02/12/2022","19","1.84","1"
"Potenza_Viale_Firenze","CO","mg/m³","02/12/2022","20","1.63","1"
"Potenza_Viale_Firenze","CO","mg/m³","02/12/2022","21","1.52","1"
"Potenza_Viale_Firenze","CO","mg/m³","02/12/2022","22","1.22","1"
"Potenza_Viale_Firenze","CO","mg/m³","02/12/2022","23","1.08","1"
"Potenza_Viale_Firenze","CO","mg/m³","02/12/2022","24","1.00","1"
"Potenza_Viale_Firenze","CO","mg/m³","03/12/2022","01","1.04","-1"
"Potenza_Viale_Firenze","CO","mg/m³","03/12/2022","02","1.05","1"
"Potenza_Viale_Firenze","CO","mg/m³","03/12/2022","03","1.02","1"
"Potenza_Viale_Firenze","CO","mg/m³","03/12/2022","04","0.81","1"
"Potenza_Viale_Firenze","CO","mg/m³","03/12/2022","05","0.83","1"
"Potenza_Viale_Firenze","CO","mg/m³","03/12/2022","06","1.00","1"
"Potenza_Viale_Firenze","CO","mg/m³","03/12/2022","07","1.14","1"
"Potenza_Viale_Firenze","CO","mg/m³","03/12/2022","08","1.58","1"
"Potenza_Viale_Firenze","CO","mg/m³","03/12/2022","09","1.74","1"
"Potenza_Viale_Firenze","CO","mg/m³","03/12/2022","10","1.77","1"
"Potenza_Viale_Firenze","CO","mg/m³","03/12/2022","11","1.38","1"
"Potenza_Viale_Firenze","CO","mg/m³","03/12/2022","12","1.08","1"
"Potenza_Viale_Firenze","CO","mg/m³","03/12/2022","13","0.75","1"
"Potenza_Viale_Firenze","CO","mg/m³","03/12/2022","14","0.77","1"
"Potenza_Viale_Firenze","CO","mg/m³","03/12/2022","15","0.70","1"
"Potenza_Viale_Firenze","CO","mg/m³","03/12/2022","16","0.66","1"
"Potenza_Viale_Firenze","CO","mg/m³","03/12/2022","17","0.70","1"
"Potenza_Viale_Firenze","CO","mg/m³","03/12/2022","18","0.95","1"
"Potenza_Viale_Firenze","CO","mg/m³","03/12/2022","19","0.86","1"
"Potenza_Viale_Firenze","CO","mg/m³","03/12/2022","20","0.90","1"
"Potenza_Viale_Firenze","CO","mg/m³","03/12/2022","21","0.75","1"
"Potenza_Viale_Firenze","CO","mg/m³","03/12/2022","22","0.60","1"
"Potenza_Viale_Firenze","CO","mg/m³","03/12/2022","23","0.67","1"
"Potenza_Viale_Firenze","CO","mg/m³","03/12/2022","24","0.58","-1"
"Potenza_Viale_Firenze","CO","mg/m³","04/12/2022","01","0.70","1"
"Potenza_Viale_Firenze","CO","mg/m³","04/12/2022","02","0.85","1"
"Potenza_Viale_Firenze","CO","mg/m³","04/12/2022","03","0.64","1"
"Potenza_Viale_Firenze","CO","mg/m³","04/12/2022","04","0.57","1"
"Potenza_Viale_Firenze","CO","mg/m³","04/12/2022","05","0.47","1"
"Potenza_Viale_Firenze","CO","mg/m³","04/12/2022","06","0.45","1"
"Potenza_Viale_Firenze","CO","mg/m³","04/12/2022","07","0.49","1"
"Potenza_Viale_Firenze","CO","mg/m³","04/12/2022","08","0.69","1"
"Potenza_Viale_Firenze","CO","mg/m³","04/12/2022","09","0.80","1"
"Potenza_Viale_Firenze","CO","mg/m³","04/12/2022","10","0.72","1"
"Potenza_Viale_Firenze","CO","mg/m³","04/12/2022","11","0.63","1"
"Potenza_Viale_Firenze","CO","mg/m³","04/12/2022","12","0.60","1"
"Potenza_Viale_Firenze","CO","mg/m³","04/12/2022","13","0.59","1"
"Potenza_Viale_Firenze","CO","mg/m³","04/12/2022","14","0.63","1"
"Potenza_Viale_Firenze","CO","mg/m³","04/12/2022","15","0.53","1"
"Potenza_Viale_Firenze","CO","mg/m³","04/12/2022","16","0.52","1"
"Potenza_Viale_Firenze","CO","mg/m³","04/12/2022","17","0.77","1"
"Potenza_Viale_Firenze","CO","mg/m³","04/12/2022","18","1.04","1"
"Potenza_Viale_Firenze","CO","mg/m³","04/12/2022","19","1.21","1"
"Potenza_Viale_Firenze","CO","mg/m³","04/12/2022","20","1.28","1"
"Potenza_Viale_Firenze","CO","mg/m³","04/12/2022","21","1.34","1"
"Potenza_Viale_Firenze","CO","mg/m³","04/12/2022","22","1.23","1"
"Potenza_Viale_Firenze","CO","mg/m³","04/12/2022","23","1.46","-1"
"Potenza_Viale_Firenze","CO","mg/m³","04/12/2022","24","1.30","1"
"Potenza_Viale_Firenze","CO","mg/m³","05/12/2022","01","1.21","1"
"Potenza_Viale_Firenze","CO","mg/m³","05/12/2022","02","0.92","1"
"Potenza_Viale_Firenze","CO","mg/m³","05/12/2022","03","0.74","1"
"Potenza_Viale_Firenze","CO","mg/m³","05/12/2022","04","0.68","1"
"Potenza_Viale_Firenze","CO","mg/m³","05/12/2022","05","0.64","1"
"Potenza_Viale_Firenze","CO","mg/m³","05/12/2022","06","0.63","1"
"Potenza_Viale_Firenze","CO","mg/m³","05/12/2022","07","0.92","1"
"Potenza_Viale_Firenze","CO","mg/m³","05/12/2022","08","1.57","1"
"Potenza_Viale_Firenze","CO","mg/m³","05/12/2022","09","1.99","1"
"Potenza_Viale_Firenze","CO","mg/m³","05/12/2022","10","1.79","1"
"Potenza_Viale_Firenze","CO","mg/m³","05/12/2022","11","1.08","1"
"Potenza_Viale_Firenze","CO","mg/m³","05/12/2022","12","0.69","1"
"Potenza_Viale_Firenze","CO","mg/m³","05/12/2022","13","0.63","1"
"Potenza_Viale_Firenze","CO","mg/m³","05/12/2022","14","0.61","1"
"Potenza_Viale_Firenze","CO","mg/m³","05/12/2022","15","0.61","1"
"Potenza_Viale_Firenze","CO","mg/m³","05/12/2022","16","0.66","1"
"Potenza_Viale_Firenze","CO","mg/m³","05/12/2022","17","1.17","1"
"Potenza_Viale_Firenze","CO","mg/m³","05/12/2022","18","1.64","1"
"Potenza_Viale_Firenze","CO","mg/m³","05/12/2022","19","1.70","1"
"Potenza_Viale_Firenze","CO","mg/m³","05/12/2022","20","1.97","1"
"Potenza_Viale_Firenze","CO","mg/m³","05/12/2022","21","2.09","1"
"Potenza_Viale_Firenze","CO","mg/m³","05/12/2022","22","1.33","-1"
"Potenza_Viale_Firenze","CO","mg/m³","05/12/2022","23","1.02","1"
"Potenza_Viale_Firenze","CO","mg/m³","05/12/2022","24","0.88","1"
"Potenza_Viale_Firenze","CO","mg/m³","06/12/2022","01","0.77","1"
"Potenza_Viale_Firenze","CO","mg/m³","06/12/2022","02","0.62","1"
"Potenza_Viale_Firenze","CO","mg/m³","06/12/2022","03","0.57","1"
"Potenza_Viale_Firenze","CO","mg/m³","06/12/2022","04","0.55","1"
"Potenza_Viale_Firenze","CO","mg/m³","06/12/2022","05","0.54","1"
"Potenza_Viale_Firenze","CO","mg/m³","06/12/2022","06","0.67","1"
"Potenza_Viale_Firenze","CO","mg/m³","06/12/2022","07","0.84","1"
"Potenza_Viale_Firenze","CO","mg/m³","06/12/2022","08","1.78","1"
"Potenza_Viale_Firenze","CO","mg/m³","06/12/2022","09","3.06","1"
"Potenza_Viale_Firenze","CO","mg/m³","06/12/2022","10","1.99","1"
"Potenza_Viale_Firenze","CO","mg/m³","06/12/2022","11","0.95","1"
"Potenza_Viale_Firenze","CO","mg/m³","06/12/2022","12","0.77","1"
"Potenza_Viale_Firenze","CO","mg/m³","06/12/2022","13","0.71","1"
"Potenza_Viale_Firenze","CO","mg/m³","06/12/2022","14","0.71","1"
"Potenza_Viale_Firenze","CO","mg/m³","06/12/2022","15","0.68","1"
"Potenza_Viale_Firenze","CO","mg/m³","06/12/2022","16","0.71","1"
"Potenza_Viale_Firenze","CO","mg/m³","06/12/2022","17","1.49","1"
"Potenza_Viale_Firenze","CO","mg/m³","06/12/2022","18","2.09","1"
"Potenza_Viale_Firenze","CO","mg/m³","06/12/2022","19","1.87","1"
"Potenza_Viale_Firenze","CO","mg/m³","06/12/2022","20","1.99","1"
"Potenza_Viale_Firenze","CO","mg/m³","06/12/2022","21","1.98","-1"
"Potenza_Viale_Firenze","CO","mg/m³","06/12/2022","22","1.67","1"
"Potenza_Viale_Firenze","CO","mg/m³","06/12/2022","23","1.51","1"
"Potenza_Viale_Firenze","CO","mg/m³","06/12/2022","24","1.49","1"
"Potenza_Viale_Firenze","CO","mg/m³","07/12/2022","01","1.46","1"
"Potenza_Viale_Firenze","CO","mg/m³","07/12/2022","02","1.20","1"
"Potenza_Viale_Firenze","CO","mg/m³","07/12/2022","03","1.24","1"
"Potenza_Viale_Firenze","CO","mg/m³","07/12/2022","04","1.26","1"
"Potenza_Viale_Firenze","CO","mg/m³","07/12/2022","05","1.05","1"
"Potenza_Viale_Firenze","CO","mg/m³","07/12/2022","06","0.95","1"
"Potenza_Viale_Firenze","CO","mg/m³","07/12/2022","07","1.11","1"
"Potenza_Viale_Firenze","CO","mg/m³","07/12/2022","08","1.62","1"
"Potenza_Viale_Firenze","CO","mg/m³","07/12/2022","09","2.62","1"
"Potenza_Viale_Firenze","CO","mg/m³","07/12/2022","10","2.07","1"
"Potenza_Viale_Firenze","CO","mg/m³","07/12/2022","11","0.95","1"
"Potenza_Viale_Firenze","CO","mg/m³","07/12/2022","12","0.68","1"
"Potenza_Viale_Firenze","CO","mg/m³","07/12/2022","13","0.64","1"
"Potenza_Viale_Firenze","CO","mg/m³","07/12/2022","14","0.72","1"
"Potenza_Viale_Firenze","CO","mg/m³","07/12/2022","15","0.70","1"
"Potenza_Viale_Firenze","CO","mg/m³","07/12/2022","16","0.71","1"
"Potenza_Viale_Firenze","CO","mg/m³","07/12/2022","17","1.39","1"
"Potenza_Viale_Firenze","CO","mg/m³","07/12/2022","18","1.88","1"
"Potenza_Viale_Firenze","CO","mg/m³","07/12/2022","19","1.92","1"
"Potenza_Viale_Firenze","CO","mg/m³","07/12/2022","20","2.27","-1"
"Potenza_Viale_Firenze","CO","mg/m³","07/12/2022","21","1.94","1"
"Potenza_Viale_Firenze","CO","mg/m³","07/12/2022","22","1.67","1"
"Potenza_Viale_Firenze","CO","mg/m³","07/12/2022","23","1.48","1"
"Potenza_Viale_Firenze","CO","mg/m³","07/12/2022","24","1.40","1"
"Potenza_Viale_Firenze","CO","mg/m³","08/12/2022","01","1.37","1"
"Potenza_Viale_Firenze","CO","mg/m³","08/12/2022","02","1.19","1"
"Potenza_Viale_Firenze","CO","mg/m³","08/12/2022","03","1.03","1"
"Potenza_Viale_Firenze","CO","mg/m³","08/12/2022","04","0.75","1"
"Potenza_Viale_Firenze","CO","mg/m³","08/12/2022","05","0.61","1"
"Potenza_Viale_Firenze","CO","mg/m³","08/12/2022","06","0.70","1"
"Potenza_Viale_Firenze","CO","mg/m³","08/12/2022","07","0.81","1"
"Potenza_Viale_Firenze","CO","mg/m³","08/12/2022","08","0.96","1"
"Potenza_Viale_Firenze","CO","mg/m³","08/12/2022","09","0.93","1"
"Potenza_Viale_Firenze","CO","mg/m³","08/12/2022","10","0.75","1"
"Potenza_Viale_Firenze","CO","mg/m³","08/12/2022","11","0.64","1"
"Potenza_Viale_Firenze","CO","mg/m³","08/12/2022","12","0.60","1"
"Potenza_Viale_Firenze","CO","mg/m³","08/12/2022","13","0.64","1"
"Potenza_Viale_Firenze","CO","mg/m³","08/12/2022","14","0.71","1"
"Potenza_Viale_Firenze","CO","mg/m³","08/12/2022","15","0.59","1"
"Potenza_Viale_Firenze","CO","mg/m³","08/12/2022","16","0.59","1"
"Potenza_Viale_Firenze","CO","mg/m³","08/12/2022","17","0.67","1"
"Potenza_Viale_Firenze","CO","mg/m³","08/12/2022","18","0.83","1"
"Potenza_Viale_Firenze","CO","mg/m³","08/12/2022","19","1.15","-1"
"Potenza_Viale_Firenze","CO","mg/m³","08/12/2022","20","1.15","1"
"Potenza_Viale_Firenze","CO","mg/m³","08/12/2022","21","1.33","1"
"Potenza_Viale_Firenze","CO","mg/m³","08/12/2022","22","0.89","1"
"Potenza_Viale_Firenze","CO","mg/m³","08/12/2022","23","1.01","1"
"Potenza_Viale_Firenze","CO","mg/m³","08/12/2022","24","1.07","1"
"Potenza_Viale_Firenze","CO","mg/m³","09/12/2022","01","1.12","1"
"Potenza_Viale_Firenze","CO","mg/m³","09/12/2022","02","1.10","1"
"Potenza_Viale_Firenze","CO","mg/m³","09/12/2022","03","0.90","1"
"Potenza_Viale_Firenze","CO","mg/m³","09/12/2022","04","0.59","1"
"Potenza_Viale_Firenze","CO","mg/m³","09/12/2022","05","0.51","1"
"Potenza_Viale_Firenze","CO","mg/m³","09/12/2022","06","0.57","1"
"Potenza_Viale_Firenze","CO","mg/m³","09/12/2022","07","0.74","1"
"Potenza_Viale_Firenze","CO","mg/m³","09/12/2022","08","1.13","1"
"Potenza_Viale_Firenze","CO","mg/m³","09/12/2022","09","2.04","1"
"Potenza_Viale_Firenze","CO","mg/m³","09/12/2022","10","2.04","1"
"Potenza_Viale_Firenze","CO","mg/m³","09/12/2022","11","0.87","1"
"Potenza_Viale_Firenze","CO","mg/m³","09/12/2022","12","0.71","1"
"Potenza_Viale_Firenze","CO","mg/m³","09/12/2022","13","0.71","1"
"Potenza_Viale_Firenze","CO","mg/m³","09/12/2022","14","0.76","1"
"Potenza_Viale_Firenze","CO","mg/m³","09/12/2022","15","0.73","1"
"Potenza_Viale_Firenze","CO","mg/m³","09/12/2022","16","0.74","1"
"Potenza_Viale_Firenze","CO","mg/m³","09/12/2022","17","0.78","1"
"Potenza_Viale_Firenze","CO","mg/m³","09/12/2022","18","0.84","-1"
"Potenza_Viale_Firenze","CO","mg/m³","09/12/2022","19","0.73","1"
"Potenza_Viale_Firenze","CO","mg/m³","09/12/2022","20","0.78","1"
"Potenza_Viale_Firenze","CO","mg/m³","09/12/2022","21","0.75","1"
"Potenza_Viale_Firenze","CO","mg/m³","09/12/2022","22","0.79","1"
"Potenza_Viale_Firenze","CO","mg/m³","09/12/2022","23","0.80","1"
"Potenza_Viale_Firenze","CO","mg/m³","09/12/2022","24","0.67","1"
"Potenza_Viale_Firenze","CO","mg/m³","10/12/2022","01","0.55","1"
"Potenza_Viale_Firenze","CO","mg/m³","10/12/2022","02","0.53","1"
"Potenza_Viale_Firenze","CO","mg/m³","10/12/2022","03","0.50","1"
"Potenza_Viale_Firenze","CO","mg/m³","10/12/2022","04","0.49","1"
"Potenza_Viale_Firenze","CO","mg/m³","10/12/2022","05","0.50","1"
"Potenza_Viale_Firenze","CO","mg/m³","10/12/2022","06","0.53","1"
"Potenza_Viale_Firenze","CO","mg/m³","10/12/2022","07","0.82","1"
"Potenza_Viale_Firenze","CO","mg/m³","10/12/2022","08","1.13","1"
"Potenza_Viale_Firenze","CO","mg/m³","10/12/2022","09","1.77","1"
"Potenza_Viale_Firenze","CO","mg/m³","10/12/2022","10","1.59","1"
"Potenza_Viale_Firenze","CO","mg/m³","10/12/2022","11","1.24","1"
"Potenza_Viale_Firenze","CO","mg/m³","10/12/2022","12","0.89","1"
"Potenza_Viale_Firenze","CO","mg/m³","10/12/2022","13","0.84","1"
"Potenza_Viale_Firenze","CO","mg/m³","10/12/2022","14","0.97","1"
"Potenza_Viale_Firenze","CO","mg/m³","10/12/2022","15","0.82","1"
"Potenza_Viale_Firenze","CO","mg/m³","10/12/2022","16","0.60","1"
"Potenza_Viale_Firenze","CO","mg/m³","10/12/2022","17","0.62","-1"
"Potenza_Viale_Firenze","CO","mg/m³","10/12/2022","18","0.71","1"
"Potenza_Viale_Firenze","CO","mg/m³","10/12/2022","19","0.68","1"
"Potenza_Viale_Firenze","CO","mg/m³","10/12/2022","20","0.72","1"
"Potenza_Viale_Firenze","CO","mg/m³","10/12/2022","21","0.85","1"
"Potenza_Viale_Firenze","CO","mg/m³","10/12/2022","22","0.76","1"
"Potenza_Viale_Firenze","CO","mg/m³","10/12/2022","23","0.59","1"
"Potenza_Viale_Firenze","CO","mg/m³","10/12/2022","24","0.59","1"
"Potenza_Viale_Firenze","CO","mg/m³","11/12/2022","01","0.67","1"
"Potenza_Viale_Firenze","CO","mg/m³","11/12/2022","02","0.60","1"
"Potenza_Viale_Firenze","CO","mg/m³","11/12/2022","03","0.54","1"
"Potenza_Viale_Firenze","CO","mg/m³","11/12/2022","04","0.55","1"
"Potenza_Viale_Firenze","CO","mg/m³","11/12/2022","05","0.53","1"
"Potenza_Viale_Firenze","CO","mg/m³","11/12/2022","06","0.53","1"
"Potenza_Viale_Firenze","CO","mg/m³","11/12/2022","07","0.54","1"
"Potenza_Viale_Firenze","CO","mg/m³","11/12/2022","08","0.55","1"
"Potenza_Viale_Firenze","CO","mg/m³","11/12/2022","09","0.57","1"
"Potenza_Viale_Firenze","CO","mg/m³","11/12/2022","10","0.61","1"
"Potenza_Viale_Firenze","CO","mg/m³","11/12/2022","11","0.60","1"
"Potenza_Viale_Firenze","CO","mg/m³","11/12/2022","12","0.63","1"
"Potenza_Viale_Firenze","CO","mg/m³","11/12/2022","13","0.63","1"
"Potenza_Viale_Firenze","CO","mg/m³","11/12/2022","14","0.61","1"
"Potenza_Viale_Firenze","CO","mg/m³","11/12/2022","15","0.56","1"
"Potenza_Viale_Firenze","CO","mg/m³","11/12/2022","16","0.56","-1"
"Potenza_Viale_Firenze","CO","mg/m³","11/12/2022","17","0.56","1"
"Potenza_Viale_Firenze","CO","mg/m³","11/12/2022","18","0.58","1"
"Potenza_Viale_Firenze","CO","mg/m³","11/12/2022","19","0.61","1"
"Potenza_Viale_Firenze","CO","mg/m³","11/12/2022","20","0.60","1"
"Potenza_Viale_Firenze","CO","mg/m³","11/12/2022","21","0.61","1"
"Potenza_Viale_Firenze","CO","mg/m³","11/12/2022","22","0.58","1"
"Potenza_Viale_Firenze","CO","mg/m³","11/12/2022","23","0.55","1"
"Potenza_Viale_Firenze","CO","mg/m³","11/12/2022","24","0.57","1"
"Potenza_Viale_Firenze","CO","mg/m³","12/12/2022","01","0.55","1"
"Potenza_Viale_Firenze","CO","mg/m³","12/12/2022","02","0.55","1"
"Potenza_Viale_Firenze","CO","mg/m³","12/12/2022","03","0.56","1"
"Potenza_Viale_Firenze","CO","mg/m³","12/12/2022","04","0.56","1"
"Potenza_Viale_Firenze","CO","mg/m³","12/12/2022","05","0.55","1"
"Potenza_Viale_Firenze","CO","mg/m³","12/12/2022","06","0.57","1"
"Potenza_Viale_Firenze","CO","mg/m³","12/12/2022","07","0.68","1"
"Potenza_Viale_Firenze","CO","mg/m³","12/12/2022","08","0.99","1"
"Potenza_Viale_Firenze","CO","mg/m³","12/12/2022","09","1.08","1"
"Potenza_Viale_Firenze","CO","mg/m³","12/12/2022","10","0.90","1"
"Potenza_Viale_Firenze","CO","mg/m³","12/12/2022","11","0.83","1"
"Potenza_Viale_Firenze","CO","mg/m³","12/12/2022","12","0.81","1"
"Potenza_Viale_Firenze","CO","mg/m³","12/12/2022","13","0.66","1"
"Potenza_Viale_Firenze","CO","mg/m³","12/12/2022","14","0.73","1"
"Potenza_Viale_Firenze","CO","mg/m³","12/12/2022","15","0.75","-1"
"Potenza_Viale_Firenze","CO","mg/m³","12/12/2022","16","0.78","1"
"Potenza_Viale_Firenze","CO","mg/m³","12/12/2022","17","0.96","1"
"Potenza_Viale_Firenze","CO","mg/m³","12/12/2022","18","1.00","1"
"Potenza_Viale_Firenze","CO","mg/m³","12/12/2022","19","1.03","1"
"Potenza_Viale_Firenze","CO","mg/m³","12/12/2022","20","1.25","1"
"Potenza_Viale_Firenze","CO","mg/m³","12/12/2022","21","1.65","1"
"Potenza_Viale_Firenze","CO","mg/m³","12/12/2022","22","1.26","1"
"Potenza_Viale_Firenze","CO","mg/m³","12/12/2022","23","1.01","1"
"Potenza_Viale_Firenze","CO","mg/m³","12/12/2022","24","0.80","1"
"Potenza_Viale_Firenze","CO","mg/m³","13/12/2022","01","0.74","1"
"Potenza_Viale_Firenze","CO","mg/m³","13/12/2022","02","0.67","1"
"Potenza_Viale_Firenze","CO","mg/m³","13/12/2022","03","0.71","1"
"Potenza_Viale_Firenze","CO","mg/m³","13/12/2022","04","0.74","1"
"Potenza_Viale_Firenze","CO","mg/m³","13/12/2022","05","0.72","1"
"Potenza_Viale_Firenze","CO","mg/m³","13/12/2022","06","0.76","1"
"Potenza_Viale_Firenze","CO","mg/m³","13/12/2022","07","1.05","1"
"Potenza_Viale_Firenze","CO","mg/m³","13/12/2022","08","1.16","1"
"Potenza_Viale_Firenze","CO","mg/m³","13/12/2022","09","1.27","1"
"Potenza_Viale_Firenze","CO","mg/m³","13/12/2022","10","1.20","1"
"Potenza_Viale_Firenze","CO","mg/m³","13/12/2022","11","1.19","1"
"Potenza_Viale_Firenze","CO","mg/m³","13/12/2022","12","1.20","1"
"Potenza_Viale_Firenze","CO","mg/m³","13/12/2022","13","0.99","1"
"Potenza_Viale_Firenze","CO","mg/m³","13/12/2022","14","0.78","-1"
"Potenza_Viale_Firenze","CO","mg/m³","13/12/2022","15","0.71","1"
"Potenza_Viale_Firenze","CO","mg/m³","13/12/2022","16","0.67","1"
"Potenza_Viale_Firenze","CO","mg/m³","13/12/2022","17","0.94","1"
"Potenza_Viale_Firenze","CO","mg/m³","13/12/2022","18","1.11","1"
"Potenza_Viale_Firenze","CO","mg/m³","13/12/2022","19","1.17","1"
"Potenza_Viale_Firenze","CO","mg/m³","13/12/2022","20","1.56","1"
"Potenza_Viale_Firenze","CO","mg/m³","13/12/2022","21","1.33","1"
"Potenza_Viale_Firenze","CO","mg/m³","13/12/2022","22","0.97","1"
"Potenza_Viale_Firenze","CO","mg/m³","13/12/2022","23","0.73","1"
"Potenza_Viale_Firenze","CO","mg/m³","13/12/2022","24","0.74","1"
"Potenza_Viale_Firenze","CO","mg/m³","14/12/2022","01","0.80","1"
"Potenza_Viale_Firenze","CO","mg/m³","14/12/2022","02","0.67","1"
"Potenza_Viale_Firenze","CO","mg/m³","14/12/2022","03","0.61","1"
"Potenza_Viale_Firenze","CO","mg/m³","14/12/2022","04","0.60","1"
"Potenza_Viale_Firenze","CO","mg/m³","14/12/2022","05","0.59","1"
"Potenza_Viale_Firenze","CO","mg/m³","14/12/2022","06","0.65","1"
"Potenza_Viale_Firenze","CO","mg/m³","14/12/2022","07","0.76","1"
"Potenza_Viale_Firenze","CO","mg/m³","14/12/2022","08","1.39","1"
"Potenza_Viale_Firenze","CO","mg/m³","14/12/2022","09","1.95","1"
"Potenza_Viale_Firenze","CO","mg/m³","14/12/2022","10","1.82","1"
"Potenza_Viale_Firenze","CO","mg/m³","14/12/2022","11","1.59","1"
"Potenza_Viale_Firenze","CO","mg/m³","14/12/2022","12","1.23","1"
"Potenza_Viale_Firenze","CO","mg/m³","14/12/2022","13","1.18","-1"
"Potenza_Viale_Firenze","CO","mg/m³","14/12/2022","14","1.00","1"
"Potenza_Viale_Firenze","CO","mg/m³","14/12/2022","15","0.85","1"
"Potenza_Viale_Firenze","CO","mg/m³","14/12/2022","16","0.87","1"
"Potenza_Viale_Firenze","CO","mg/m³","14/12/2022","17","0.72","1"
"Potenza_Viale_Firenze","CO","mg/m³","14/12/2022","18","0.75","1"
"Potenza_Viale_Firenze","CO","mg/m³","14/12/2022","19","0.74","1"
"Potenza_Viale_Firenze","CO","mg/m³","14/12/2022","20","0.76","1"
"Potenza_Viale_Firenze","CO","mg/m³","14/12/2022","21","0.65","1"
"Potenza_Viale_Firenze","CO","mg/m³","14/12/2022","22","0.56","1"
"Potenza_Viale_Firenze","CO","mg/m³","14/12/2022","23","0.51","1"
"Potenza_Viale_Firenze","CO","mg/m³","14/12/2022","24","0.51","1"
"Potenza_Viale_Firenze","CO","mg/m³","15/12/2022","01","0.50","1"
"Potenza_Viale_Firenze","CO","mg/m³","15/12/2022","02","0.50","1"
"Potenza_Viale_Firenze","CO","mg/m³","15/12/2022","03","0.52","1"
"Potenza_Viale_Firenze","CO","mg/m³","15/12/2022","04","0.54","1"
"Potenza_Viale_Firenze","CO","mg/m³","15/12/2022","05","0.53","1"
"Potenza_Viale_Firenze","CO","mg/m³","15/12/2022","06","0.55","1"
"Potenza_Viale_Firenze","CO","mg/m³","15/12/2022","07","0.57","1"
"Potenza_Viale_Firenze","CO","mg/m³","15/12/2022","08","0.73","1"
"Potenza_Viale_Firenze","CO","mg/m³","15/12/2022","09","1.05","1"
"Potenza_Viale_Firenze","CO","mg/m³","15/12/2022","10","0.91","1"
"Potenza_Viale_Firenze","CO","mg/m³","15/12/2022","11","0.88","1"
"Potenza_Viale_Firenze","CO","mg/m³","15/12/2022","12","0.83","-1"
"Potenza_Viale_Firenze","CO","mg/m³","15/12/2022","13","0.79","1"
"Potenza_Viale_Firenze","CO","mg/m³","15/12/2022","14","0.72","1"
"Potenza_Viale_Firenze","CO","mg/m³","15/12/2022","15","0.73","1"
"Potenza_Viale_Firenze","CO","mg/m³","15/12/2022","16","0.88","1"
"Potenza_Viale_Firenze","CO","mg/m³","15/12/2022","17","1.90","1"
"Potenza_Viale_Firenze","CO","mg/m³","15/12/2022","18","2.15","1"
"Potenza_Viale_Firenze","CO","mg/m³","15/12/2022","19","1.87","1"
"Potenza_Viale_Firenze","CO","mg/m³","15/12/2022","20","1.95","1"
"Potenza_Viale_Firenze","CO","mg/m³","15/12/2022","21","0.89","1"
"Potenza_Viale_Firenze","CO","mg/m³","15/12/2022","22","0.70","1"
"Potenza_Viale_Firenze","CO","mg/m³","15/12/2022","23","0.59","1"
"Potenza_Viale_Firenze","CO","mg/m³","15/12/2022","24","0.55","1"
"Potenza_Viale_Firenze","CO","mg/m³","16/12/2022","01","0.53","1"
"Potenza_Viale_Firenze","CO","mg/m³","16/12/2022","02","0.54","1"
"Potenza_Viale_Firenze","CO","mg/m³","16/12/2022","03","0.54","1"
"Potenza_Viale_Firenze","CO","mg/m³","16/12/2022","04","0.53","1"
"Potenza_Viale_Firenze","CO","mg/m³","16/12/2022","05","0.56","1"
"Potenza_Viale_Firenze","CO","mg/m³","16/12/2022","06","0.55","1"
"Potenza_Viale_Firenze","CO","mg/m³","16/12/2022","07","0.64","1"
"Potenza_Viale_Firenze","CO","mg/m³","16/12/2022","08","0.76","1"
"Potenza_Viale_Firenze","CO","mg/m³","16/12/2022","09","0.82","1"
"Potenza_Viale_Firenze","CO","mg/m³","16/12/2022","10","0.78","1"
"Potenza_Viale_Firenze","CO","mg/m³","16/12/2022","11","0.68","-1"
"Potenza_Viale_Firenze","CO","mg/m³","16/12/2022","12","0.69","1"
"Potenza_Viale_Firenze","CO","mg/m³","16/12/2022","13","0.74","1"
"Potenza_Viale_Firenze","CO","mg/m³","16/12/2022","14","0.83","1"
"Potenza_Viale_Firenze","CO","mg/m³","16/12/2022","15","0.89","1"
"Potenza_Viale_Firenze","CO","mg/m³","16/12/2022","16","1.06","1"
"Potenza_Viale_Firenze","CO","mg/m³","16/12/2022","17","1.66","1"
"Potenza_Viale_Firenze","CO","mg/m³","16/12/2022","18","1.63","1"
"Potenza_Viale_Firenze","CO","mg/m³","16/12/2022","19","1.68","1"
"Potenza_Viale_Firenze","CO","mg/m³","16/12/2022","20","2.01","1"
"Potenza_Viale_Firenze","CO","mg/m³","16/12/2022","21","1.70","1"
"Potenza_Viale_Firenze","CO","mg/m³","16/12/2022","22","0.82","1"
"Potenza_Viale_Firenze","CO","mg/m³","16/12/2022","23","0.63","1"
"Potenza_Viale_Firenze","CO","mg/m³","16/12/2022","24","0.57","1"
"Potenza_Viale_Firenze","CO","mg/m³","17/12/2022","01","0.58","1"
"Potenza_Viale_Firenze","CO","mg/m³","17/12/2022","02","0.54","1"
"Potenza_Viale_Firenze","CO","mg/m³","17/12/2022","03","0.53","1"
"Potenza_Viale_Firenze","CO","mg/m³","17/12/2022","04","0.53","1"
"Potenza_Viale_Firenze","CO","mg/m³","17/12/2022","05","0.52","1"
"Potenza_Viale_Firenze","CO","mg/m³","17/12/2022","06","0.56","1"
"Potenza_Viale_Firenze","CO","mg/m³","17/12/2022","07","0.61","1"
"Potenza_Viale_Firenze","CO","mg/m³","17/12/2022","08","0.75","1"
"Potenza_Viale_Firenze","CO","mg/m³","17/12/2022","09","0.88","1"
"Potenza_Viale_Firenze","CO","mg/m³","17/12/2022","10","0.80","-1"
"Potenza_Viale_Firenze","CO","mg/m³","17/12/2022","11","0.77","1"
"Potenza_Viale_Firenze","CO","mg/m³","17/12/2022","12","0.80","1"
"Potenza_Viale_Firenze","CO","mg/m³","17/12/2022","13","0.68","1"
"Potenza_Viale_Firenze","CO","mg/m³","17/12/2022","14","0.74","1"
"Potenza_Viale_Firenze","CO","mg/m³","17/12/2022","15","0.67","1"
"Potenza_Viale_Firenze","CO","mg/m³","17/12/2022","16","0.68","1"
"Potenza_Viale_Firenze","CO","mg/m³","17/12/2022","17","0.83","1"
"Potenza_Viale_Firenze","CO","mg/m³","17/12/2022","18","1.26","1"
"Potenza_Viale_Firenze","CO","mg/m³","17/12/2022","19","1.20","1"
"Potenza_Viale_Firenze","CO","mg/m³","17/12/2022","20","1.06","1"
"Potenza_Viale_Firenze","CO","mg/m³","17/12/2022","21","1.18","1"
"Potenza_Viale_Firenze","CO","mg/m³","17/12/2022","22","1.26","1"
"Potenza_Viale_Firenze","CO","mg/m³","17/12/2022","23","1.17","1"
"Potenza_Viale_Firenze","CO","mg/m³","17/12/2022","24","1.02","1"
"Potenza_Viale_Firenze","CO","mg/m³","18/12/2022","01","0.91","1"
"Potenza_Viale_Firenze","CO","mg/m³","18/12/2022","02","0.95","1"
"Potenza_Viale_Firenze","CO","mg/m³","18/12/2022","03","0.92","1"
"Potenza_Viale_Firenze","CO","mg/m³","18/12/2022","04","0.83","1"
"Potenza_Viale_Firenze","CO","mg/m³","18/12/2022","05","0.63","1"
"Potenza_Viale_Firenze","CO","mg/m³","18/12/2022","06","0.67","1"
"Potenza_Viale_Firenze","CO","mg/m³","18/12/2022","07","0.68","1"
"Potenza_Viale_Firenze","CO","mg/m³","18/12/2022","08","0.82","1"
"Potenza_Viale_Firenze","CO","mg/m³","18/12/2022","09","0.95","-1"
"Potenza_Viale_Firenze","CO","mg/m³","18/12/2022","10","0.83","1"
"Potenza_Viale_Firenze","CO","mg/m³","18/12/2022","11","0.82","1"
"Potenza_Viale_Firenze","CO","mg/m³","18/12/2022","12","0.78","1"
"Potenza_Viale_Firenze","CO","mg/m³","18/12/2022","13","0.79","1"
"Potenza_Viale_Firenze","CO","mg/m³","18/12/2022","14","0.81","1"
"Potenza_Viale_Firenze","CO","mg/m³","18/12/2022","15","0.69","1"
"Potenza_Viale_Firenze","CO","mg/m³","18/12/2022","16","0.72","1"
"Potenza_Viale_Firenze","CO","mg/m³","18/12/2022","17","0.74","1"
"Potenza_Viale_Firenze","CO","mg/m³","18/12/2022","18","0.79","1"
"Potenza_Viale_Firenze","CO","mg/m³","18/12/2022","19","1.01","1"
"Potenza_Viale_Firenze","CO","mg/m³","18/12/2022","20","1.25","1"
"Potenza_Viale_Firenze","CO","mg/m³","18/12/2022","21","1.22","1"
"Potenza_Viale_Firenze","CO","mg/m³","18/12/2022","22","1.02","1"
"Potenza_Viale_Firenze","CO","mg/m³","18/12/2022","23","0.98","1"
"Potenza_Viale_Firenze","CO","mg/m³","18/12/2022","24","0.95","1"
"Potenza_Viale_Firenze","CO","mg/m³","19/12/2022","01","0.88","1"
"Potenza_Viale_Firenze","CO","mg/m³","19/12/2022","02","0.80","1"
"Potenza_Viale_Firenze","CO","mg/m³","19/12/2022","03","0.75","1"
"Potenza_Viale_Firenze","CO","mg/m³","19/12/2022","04","0.69","1"
"Potenza_Viale_Firenze","CO","mg/m³","19/12/2022","05","0.69","1"
"Potenza_Viale_Firenze","CO","mg/m³","19/12/2022","06","0.68","1"
"Potenza_Viale_Firenze","CO","mg/m³","19/12/2022","07","0.78","1"
"Potenza_Viale_Firenze","CO","mg/m³","19/12/2022","08","1.21","-1"
"Potenza_Viale_Firenze","CO","mg/m³","19/12/2022","09","1.61","1"
"Potenza_Viale_Firenze","CO","mg/m³","19/12/2022","10","1.16","1"
"Potenza_Viale_Firenze","CO","mg/m³","19/12/2022","11","0.93","1"
"Potenza_Viale_Firenze","CO","mg/m³","19/12/2022","12","-9999","-1"
"Potenza_Viale_Firenze","CO","mg/m³","19/12/2022","13","0.54","1"
"Potenza_Viale_Firenze","CO","mg/m³","19/12/2022","14","0.54","1"
"Potenza_Viale_Firenze","CO","mg/m³","19/12/2022","15","0.47","1"
"Potenza_Viale_Firenze","CO","mg/m³","19/12/2022","16","0.44","1"
"Potenza_Viale_Firenze","CO","mg/m³","19/12/2022","17","0.68","1"
"Potenza_Viale_Firenze","CO","mg/m³","19/12/2022","18","0.73","1"
"Potenza_Viale_Firenze","CO","mg/m³","19/12/2022","19","0.72","1"
"Potenza_Viale_Firenze","CO","mg/m³","19/12/2022","20","1.13","1"
"Potenza_Viale_Firenze","CO","mg/m³","19/12/2022","21","1.37","1"
"Potenza_Viale_Firenze","CO","mg/m³","19/12/2022","22","1.33","1"
"Potenza_Viale_Firenze","CO","mg/m³","19/12/2022","23","0.60","1"
"Potenza_Viale_Firenze","CO","mg/m³","19/12/2022","24","0.56","1"
"Potenza_Viale_Firenze","CO","mg/m³","20/12/2022","01","0.51","1"
"Potenza_Viale_Firenze","CO","mg/m³","20/12/2022","02","0.45","1"
"Potenza_Viale_Firenze","CO","mg/m³","20/12/2022","03","0.46","1"
"Potenza_Viale_Firenze","CO","mg/m³","20/12/2022","04","0.45","1"
"Potenza_Viale_Firenze","CO","mg/m³","20/12/2022","05","0.45","1"
"Potenza_Viale_Firenze","CO","mg/m³","20/12/2022","06","0.47","1"
"Potenza_Viale_Firenze","CO","mg/m³","20/12/2022","07","0.61","-1"
"Potenza_Viale_Firenze","CO","mg/m³","20/12/2022","08","0.87","1"
"Potenza_Viale_Firenze","CO","mg/m³","20/12/2022","09","1.20","1"
"Potenza_Viale_Firenze","CO","mg/m³","20/12/2022","10","1.39","1"
"Potenza_Viale_Firenze","CO","mg/m³","20/12/2022","11","0.85","1"
"Potenza_Viale_Firenze","CO","mg/m³","20/12/2022","12","0.55","1"
"Potenza_Viale_Firenze","CO","mg/m³","20/12/2022","13","0.46","1"
"Potenza_Viale_Firenze","CO","mg/m³","20/12/2022","14","0.53","1"
"Potenza_Viale_Firenze","CO","mg/m³","20/12/2022","15","0.53","1"
"Potenza_Viale_Firenze","CO","mg/m³","20/12/2022","16","0.51","1"
"Potenza_Viale_Firenze","CO","mg/m³","20/12/2022","17","0.80","1"
"Potenza_Viale_Firenze","CO","mg/m³","20/12/2022","18","1.60","1"
"Potenza_Viale_Firenze","CO","mg/m³","20/12/2022","19","1.41","1"
"Potenza_Viale_Firenze","CO","mg/m³","20/12/2022","20","1.47","1"
"Potenza_Viale_Firenze","CO","mg/m³","20/12/2022","21","1.40","1"
"Potenza_Viale_Firenze","CO","mg/m³","20/12/2022","22","1.20","1"
"Potenza_Viale_Firenze","CO","mg/m³","20/12/2022","23","0.80","1"
"Potenza_Viale_Firenze","CO","mg/m³","20/12/2022","24","0.58","1"
"Potenza_Viale_Firenze","CO","mg/m³","21/12/2022","01","0.47","1"
"Potenza_Viale_Firenze","CO","mg/m³","21/12/2022","02","0.36","1"
"Potenza_Viale_Firenze","CO","mg/m³","21/12/2022","03","0.32","1"
"Potenza_Viale_Firenze","CO","mg/m³","21/12/2022","04","0.28","1"
"Potenza_Viale_Firenze","CO","mg/m³","21/12/2022","05","0.26","1"
"Potenza_Viale_Firenze","CO","mg/m³","21/12/2022","06","0.36","-1"
"Potenza_Viale_Firenze","CO","mg/m³","21/12/2022","07","0.43","1"
"Potenza_Viale_Firenze","CO","mg/m³","21/12/2022","08","0.87","1"
"Potenza_Viale_Firenze","CO","mg/m³","21/12/2022","09","1.82","1"
"Potenza_Viale_Firenze","CO","mg/m³","21/12/2022","10","0.66","1"
"Potenza_Viale_Firenze","CO","mg/m³","21/12/2022","11","0.42","1"
"Potenza_Viale_Firenze","CO","mg/m³","21/12/2022","12","0.39","1"
"Potenza_Viale_Firenze","CO","mg/m³","21/12/2022","13","0.39","1"
"Potenza_Viale_Firenze","CO","mg/m³","21/12/2022","14","0.43","1"
"Potenza_Viale_Firenze","CO","mg/m³","21/12/2022","15","0.45","1"
"Potenza_Viale_Firenze","CO","mg/m³","21/12/2022","16","0.41","1"
"Potenza_Viale_Firenze","CO","mg/m³","21/12/2022","17","0.43","1"
"Potenza_Viale_Firenze","CO","mg/m³","21/12/2022","18","1.06","1"
"Potenza_Viale_Firenze","CO","mg/m³","21/12/2022","19","1.32","1"
"Potenza_Viale_Firenze","CO","mg/m³","21/12/2022","20","1.36","1"
"Potenza_Viale_Firenze","CO","mg/m³","21/12/2022","21","1.30","1"
"Potenza_Viale_Firenze","CO","mg/m³","21/12/2022","22","0.87","1"
"Potenza_Viale_Firenze","CO","mg/m³","21/12/2022","23","0.73","1"
"Potenza_Viale_Firenze","CO","mg/m³","21/12/2022","24","0.56","1"
"Potenza_Viale_Firenze","CO","mg/m³","22/12/2022","01","0.51","1"
"Potenza_Viale_Firenze","CO","mg/m³","22/12/2022","02","0.72","1"
"Potenza_Viale_Firenze","CO","mg/m³","22/12/2022","03","0.40","1"
"Potenza_Viale_Firenze","CO","mg/m³","22/12/2022","04","0.24","1"
"Potenza_Viale_Firenze","CO","mg/m³","22/12/2022","05","0.22","-1"
"Potenza_Viale_Firenze","CO","mg/m³","22/12/2022","06","0.26","1"
"Potenza_Viale_Firenze","CO","mg/m³","22/12/2022","07","0.30","1"
"Potenza_Viale_Firenze","CO","mg/m³","22/12/2022","08","0.47","1"
"Potenza_Viale_Firenze","CO","mg/m³","22/12/2022","09","0.68","1"
"Potenza_Viale_Firenze","CO","mg/m³","22/12/2022","10","0.79","1"
"Potenza_Viale_Firenze","CO","mg/m³","22/12/2022","11","0.59","1"
"Potenza_Viale_Firenze","CO","mg/m³","22/12/2022","12","0.43","1"
"Potenza_Viale_Firenze","CO","mg/m³","22/12/2022","13","0.43","1"
"Potenza_Viale_Firenze","CO","mg/m³","22/12/2022","14","0.45","1"
"Potenza_Viale_Firenze","CO","mg/m³","22/12/2022","15","0.39","1"
"Potenza_Viale_Firenze","CO","mg/m³","22/12/2022","16","0.46","1"
"Potenza_Viale_Firenze","CO","mg/m³","22/12/2022","17","0.72","1"
"Potenza_Viale_Firenze","CO","mg/m³","22/12/2022","18","1.46","1"
"Potenza_Viale_Firenze","CO","mg/m³","22/12/2022","19","1.53","1"
"Potenza_Viale_Firenze","CO","mg/m³","22/12/2022","20","1.11","1"
"Potenza_Viale_Firenze","CO","mg/m³","22/12/2022","21","1.17","1"
"Potenza_Viale_Firenze","CO","mg/m³","22/12/2022","22","0.91","1"
"Potenza_Viale_Firenze","CO","mg/m³","22/12/2022","23","0.47","1"
"Potenza_Viale_Firenze","CO","mg/m³","22/12/2022","24","0.33","1"
"Potenza_Viale_Firenze","CO","mg/m³","23/12/2022","01","0.50","1"
"Potenza_Viale_Firenze","CO","mg/m³","23/12/2022","02","0.55","1"
"Potenza_Viale_Firenze","CO","mg/m³","23/12/2022","03","0.33","1"
"Potenza_Viale_Firenze","CO","mg/m³","23/12/2022","04","0.26","-1"
"Potenza_Viale_Firenze","CO","mg/m³","23/12/2022","05","0.27","1"
"Potenza_Viale_Firenze","CO","mg/m³","23/12/2022","06","0.34","1"
"Potenza_Viale_Firenze","CO","mg/m³","23/12/2022","07","0.58","1"
"Potenza_Viale_Firenze","CO","mg/m³","23/12/2022","08","0.84","1"
"Potenza_Viale_Firenze","CO","mg/m³","23/12/2022","09","0.87","1"
"Potenza_Viale_Firenze","CO","mg/m³","23/12/2022","10","0.48","1"
"Potenza_Viale_Firenze","CO","mg/m³","23/12/2022","11","0.37","1"
"Potenza_Viale_Firenze","CO","mg/m³","23/12/2022","12","0.43","1"
"Potenza_Viale_Firenze","CO","mg/m³","23/12/2022","13","0.34","1"
"Potenza_Viale_Firenze","CO","mg/m³","23/12/2022","14","0.41","1"
"Potenza_Viale_Firenze","CO","mg/m³","23/12/2022","15","0.44","1"
"Potenza_Viale_Firenze","CO","mg/m³","23/12/2022","16","0.44","1"
"Potenza_Viale_Firenze","CO","mg/m³","23/12/2022","17","0.62","1"
"Potenza_Viale_Firenze","CO","mg/m³","23/12/2022","18","1.42","1"
"Potenza_Viale_Firenze","CO","mg/m³","23/12/2022","19","1.71","1"
"Potenza_Viale_Firenze","CO","mg/m³","23/12/2022","20","1.57","1"
"Potenza_Viale_Firenze","CO","mg/m³","23/12/2022","21","1.20","1"
"Potenza_Viale_Firenze","CO","mg/m³","23/12/2022","22","0.93","1"
"Potenza_Viale_Firenze","CO","mg/m³","23/12/2022","23","0.77","1"
"Potenza_Viale_Firenze","CO","mg/m³","23/12/2022","24","0.66","1"
"Potenza_Viale_Firenze","CO","mg/m³","24/12/2022","01","0.33","1"
"Potenza_Viale_Firenze","CO","mg/m³","24/12/2022","02","0.40","1"
"Potenza_Viale_Firenze","CO","mg/m³","24/12/2022","03","0.27","-1"
"Potenza_Viale_Firenze","CO","mg/m³","24/12/2022","04","0.24","1"
"Potenza_Viale_Firenze","CO","mg/m³","24/12/2022","05","0.21","1"
"Potenza_Viale_Firenze","CO","mg/m³","24/12/2022","06","0.21","1"
"Potenza_Viale_Firenze","CO","mg/m³","24/12/2022","07","0.23","1"
"Potenza_Viale_Firenze","CO","mg/m³","24/12/2022","08","0.30","1"
"Potenza_Viale_Firenze","CO","mg/m³","24/12/2022","09","0.47","1"
"Potenza_Viale_Firenze","CO","mg/m³","24/12/2022","10","0.51","1"
"Potenza_Viale_Firenze","CO","mg/m³","24/12/2022","11","0.40","1"
"Potenza_Viale_Firenze","CO","mg/m³","24/12/2022","12","0.47","1"
"Potenza_Viale_Firenze","CO","mg/m³","24/12/2022","13","0.41","1"
"Potenza_Viale_Firenze","CO","mg/m³","24/12/2022","14","0.34","1"
"Potenza_Viale_Firenze","CO","mg/m³","24/12/2022","15","0.34","1"
"Potenza_Viale_Firenze","CO","mg/m³","24/12/2022","16","0.34","1"
"Potenza_Viale_Firenze","CO","mg/m³","24/12/2022","17","0.43","1"
"Potenza_Viale_Firenze","CO","mg/m³","24/12/2022","18","0.59","1"
"Potenza_Viale_Firenze","CO","mg/m³","24/12/2022","19","0.52","1"
"Potenza_Viale_Firenze","CO","mg/m³","24/12/2022","20","0.68","1"
"Potenza_Viale_Firenze","CO","mg/m³","24/12/2022","21","0.95","1"
"Potenza_Viale_Firenze","CO","mg/m³","24/12/2022","22","0.68","1"
"Potenza_Viale_Firenze","CO","mg/m³","24/12/2022","23","0.64","1"
"Potenza_Viale_Firenze","CO","mg/m³","24/12/2022","24","0.66","1"
"Potenza_Viale_Firenze","CO","mg/m³","25/12/2022","01","0.72","1"
"Potenza_Viale_Firenze","CO","mg/m³","25/12/2022","02","0.97","-1"
"Potenza_Viale_Firenze","CO","mg/m³","25/12/2022","03","0.60","1"
"Potenza_Viale_Firenze","CO","mg/m³","25/12/2022","04","0.48","1"
"Potenza_Viale_Firenze","CO","mg/m³","25/12/2022","05","0.74","1"
"Potenza_Viale_Firenze","CO","mg/m³","25/12/2022","06","0.46","1"
"Potenza_Viale_Firenze","CO","mg/m³","25/12/2022","07","0.34","1"
"Potenza_Viale_Firenze","CO","mg/m³","25/12/2022","08","0.38","1"
"Potenza_Viale_Firenze","CO","mg/m³","25/12/2022","09","0.71","1"
"Potenza_Viale_Firenze","CO","mg/m³","25/12/2022","10","0.46","1"
"Potenza_Viale_Firenze","CO","mg/m³","25/12/2022","11","0.36","1"
"Potenza_Viale_Firenze","CO","mg/m³","25/12/2022","12","0.33","1"
"Potenza_Viale_Firenze","CO","mg/m³","25/12/2022","13","0.37","1"
"Potenza_Viale_Firenze","CO","mg/m³","25/12/2022","14","0.40","1"
"Potenza_Viale_Firenze","CO","mg/m³","25/12/2022","15","0.31","1"
"Potenza_Viale_Firenze","CO","mg/m³","25/12/2022","16","0.30","1"
"Potenza_Viale_Firenze","CO","mg/m³","25/12/2022","17","0.46","1"
"Potenza_Viale_Firenze","CO","mg/m³","25/12/2022","18","0.73","1"
"Potenza_Viale_Firenze","CO","mg/m³","25/12/2022","19","0.96","1"
"Potenza_Viale_Firenze","CO","mg/m³","25/12/2022","20","0.94","1"
"Potenza_Viale_Firenze","CO","mg/m³","25/12/2022","21","0.93","1"
"Potenza_Viale_Firenze","CO","mg/m³","25/12/2022","22","0.90","1"
"Potenza_Viale_Firenze","CO","mg/m³","25/12/2022","23","0.80","1"
"Potenza_Viale_Firenze","CO","mg/m³","25/12/2022","24","0.66","1"
"Potenza_Viale_Firenze","CO","mg/m³","26/12/2022","01","0.50","-1"
"Potenza_Viale_Firenze","CO","mg/m³","26/12/2022","02","0.45","1"
"Potenza_Viale_Firenze","CO","mg/m³","26/12/2022","03","0.38","1"
"Potenza_Viale_Firenze","CO","mg/m³","26/12/2022","04","0.31","1"
"Potenza_Viale_Firenze","CO","mg/m³","26/12/2022","05","0.30","1"
"Potenza_Viale_Firenze","CO","mg/m³","26/12/2022","06","0.27","1"
"Potenza_Viale_Firenze","CO","mg/m³","26/12/2022","07","0.35","1"
"Potenza_Viale_Firenze","CO","mg/m³","26/12/2022","08","0.34","1"
"Potenza_Viale_Firenze","CO","mg/m³","26/12/2022","09","0.46","1"
"Potenza_Viale_Firenze","CO","mg/m³","26/12/2022","10","0.38","1"
"Potenza_Viale_Firenze","CO","mg/m³","26/12/2022","11","0.37","1"
"Potenza_Viale_Firenze","CO","mg/m³","26/12/2022","12","0.45","1"
"Potenza_Viale_Firenze","CO","mg/m³","26/12/2022","13","0.39","1"
"Potenza_Viale_Firenze","CO","mg/m³","26/12/2022","14","0.36","1"
"Potenza_Viale_Firenze","CO","mg/m³","26/12/2022","15","0.28","1"
"Potenza_Viale_Firenze","CO","mg/m³","26/12/2022","16","0.28","1"
"Potenza_Viale_Firenze","CO","mg/m³","26/12/2022","17","0.36","1"
"Potenza_Viale_Firenze","CO","mg/m³","26/12/2022","18","0.60","1"
"Potenza_Viale_Firenze","CO","mg/m³","26/12/2022","19","0.68","1"
"Potenza_Viale_Firenze","CO","mg/m³","26/12/2022","20","0.47","1"
"Potenza_Viale_Firenze","CO","mg/m³","26/12/2022","21","0.54","1"
"Potenza_Viale_Firenze","CO","mg/m³","26/12/2022","22","0.65","1"
"Potenza_Viale_Firenze","CO","mg/m³","26/12/2022","23","0.73","1"
"Potenza_Viale_Firenze","CO","mg/m³","26/12/2022","24","0.39","-1"
"Potenza_Viale_Firenze","CO","mg/m³","27/12/2022","01","0.31","1"
"Potenza_Viale_Firenze","CO","mg/m³","27/12/2022","02","0.27","1"
"Potenza_Viale_Firenze","CO","mg/m³","27/12/2022","03","0.27","1"
"Potenza_Viale_Firenze","CO","mg/m³","27/12/2022","04","0.24","1"
"Potenza_Viale_Firenze","CO","mg/m³","27/12/2022","05","0.23","1"
"Potenza_Viale_Firenze","CO","mg/m³","27/12/2022","06","0.23","1"
"Potenza_Viale_Firenze","CO","mg/m³","27/12/2022","07","0.26","1"
"Potenza_Viale_Firenze","CO","mg/m³","27/12/2022","08","0.38","1"
"Potenza_Viale_Firenze","CO","mg/m³","27/12/2022","09","0.45","1"
"Potenza_Viale_Firenze","CO","mg/m³","27/12/2022","10","0.51","1"
"Potenza_Viale_Firenze","CO","mg/m³","27/12/2022","11","0.46","1"
"Potenza_Viale_Firenze","CO","mg/m³","27/12/2022","12","0.41","1"
"Potenza_Viale_Firenze","CO","mg/m³","27/12/2022","13","0.37","1"
"Potenza_Viale_Firenze","CO","mg/m³","27/12/2022","14","0.43","1"
"Potenza_Viale_Firenze","CO","mg/m³","27/12/2022","15","0.34","1"
"Potenza_Viale_Firenze","CO","mg/m³","27/12/2022","16","0.33","1"
"Potenza_Viale_Firenze","CO","mg/m³","27/12/2022","17","0.42","1"
"Potenza_Viale_Firenze","CO","mg/m³","27/12/2022","18","0.54","1"
"Potenza_Viale_Firenze","CO","mg/m³","27/12/2022","19","1.20","1"
"Potenza_Viale_Firenze","CO","mg/m³","27/12/2022","20","1.23","1"
"Potenza_Viale_Firenze","CO","mg/m³","27/12/2022","21","1.00","1"
"Potenza_Viale_Firenze","CO","mg/m³","27/12/2022","22","0.95","1"
"Potenza_Viale_Firenze","CO","mg/m³","27/12/2022","23","0.77","-1"
"Potenza_Viale_Firenze","CO","mg/m³","27/12/2022","24","0.55","1"
"Potenza_Viale_Firenze","CO","mg/m³","28/12/2022","01","0.49","1"
"Potenza_Viale_Firenze","CO","mg/m³","28/12/2022","02","0.39","1"
"Potenza_Viale_Firenze","CO","mg/m³","28/12/2022","03","0.29","1"
"Potenza_Viale_Firenze","CO","mg/m³","28/12/2022","04","0.24","1"
"Potenza_Viale_Firenze","CO","mg/m³","28/12/2022","05","0.23","1"
"Potenza_Viale_Firenze","CO","mg/m³","28/12/2022","06","0.26","1"
"Potenza_Viale_Firenze","CO","mg/m³","28/12/2022","07","0.33","1"
"Potenza_Viale_Firenze","CO","mg/m³","28/12/2022","08","0.70","1"
"Potenza_Viale_Firenze","CO","mg/m³","28/12/2022","09","0.97","1"
"Potenza_Viale_Firenze","CO","mg/m³","28/12/2022","10","0.49","1"
"Potenza_Viale_Firenze","CO","mg/m³","28/12/2022","11","0.35","1"
"Potenza_Viale_Firenze","CO","mg/m³","28/12/2022","12","0.38","1"
"Potenza_Viale_Firenze","CO","mg/m³","28/12/2022","13","0.38","1"
"Potenza_Viale_Firenze","CO","mg/m³","28/12/2022","14","0.36","1"
"Potenza_Viale_Firenze","CO","mg/m³","28/12/2022","15","0.32","1"
"Potenza_Viale_Firenze","CO","mg/m³","28/12/2022","16","0.35","1"
"Potenza_Viale_Firenze","CO","mg/m³","28/12/2022","17","0.54","1"
"Potenza_Viale_Firenze","CO","mg/m³","28/12/2022","18","1.19","1"
"Potenza_Viale_Firenze","CO","mg/m³","28/12/2022","19","1.21","1"
"Potenza_Viale_Firenze","CO","mg/m³","28/12/2022","20","1.18","1"
"Potenza_Viale_Firenze","CO","mg/m³","28/12/2022","21","1.19","1"
"Potenza_Viale_Firenze","CO","mg/m³","28/12/2022","22","1.04","-1"
"Potenza_Viale_Firenze","CO","mg/m³","28/12/2022","23","0.95","1"
"Potenza_Viale_Firenze","CO","mg/m³","28/12/2022","24","0.71","1"
"Potenza_Viale_Firenze","CO","mg/m³","29/12/2022","01","0.68","1"
"Potenza_Viale_Firenze","CO","mg/m³","29/12/2022","02","0.51","1"
"Potenza_Viale_Firenze","CO","mg/m³","29/12/2022","03","0.41","1"
"Potenza_Viale_Firenze","CO","mg/m³","29/12/2022","04","0.34","1"
"Potenza_Viale_Firenze","CO","mg/m³","29/12/2022","05","0.30","1"
"Potenza_Viale_Firenze","CO","mg/m³","29/12/2022","06","0.29","1"
"Potenza_Viale_Firenze","CO","mg/m³","29/12/2022","07","0.51","1"
"Potenza_Viale_Firenze","CO","mg/m³","29/12/2022","08","0.90","1"
"Potenza_Viale_Firenze","CO","mg/m³","29/12/2022","09","1.30","1"
"Potenza_Viale_Firenze","CO","mg/m³","29/12/2022","10","0.66","1"
"Potenza_Viale_Firenze","CO","mg/m³","29/12/2022","11","-9999","-1"
"Potenza_Viale_Firenze","CO","mg/m³","29/12/2022","12","-9999","-1"
"Potenza_Viale_Firenze","CO","mg/m³","29/12/2022","13","0.42","1"
"Potenza_Viale_Firenze","CO","mg/m³","29/12/2022","14","0.37","1"
"Potenza_Viale_Firenze","CO","mg/m³","29/12/2022","15","0.34","1"
"Potenza_Viale_Firenze","CO","mg/m³","29/12/2022","16","0.38","1"
"Potenza_Viale_Firenze","CO","mg/m³","29/12/2022","17","0.55","1"
"Potenza_Viale_Firenze","CO","mg/m³","29/12/2022","18","1.11","1"
"Potenza_Viale_Firenze","CO","mg/m³","29/12/2022","19","1.34","1"
"Potenza_Viale_Firenze","CO","mg/m³","29/12/2022","20","1.26","1"
"Potenza_Viale_Firenze","CO","mg/m³","29/12/2022","21","1.46","-1"
"Potenza_Viale_Firenze","CO","mg/m³","29/12/2022","22","1.10","1"
"Potenza_Viale_Firenze","CO","mg/m³","29/12/2022","23","1.06","1"
"Potenza_Viale_Firenze","CO","mg/m³","29/12/2022","24","0.92","1"
"Potenza_Viale_Firenze","CO","mg/m³","30/12/2022","01","0.72","1"
"Potenza_Viale_Firenze","CO","mg/m³","30/12/2022","02","0.43","1"
"Potenza_Viale_Firenze","CO","mg/m³","30/12/2022","03","0.28","1"
"Potenza_Viale_Firenze","CO","mg/m³","30/12/2022","04","0.29","1"
"Potenza_Viale_Firenze","CO","mg/m³","30/12/2022","05","0.26","1"
"Potenza_Viale_Firenze","CO","mg/m³","30/12/2022","06","0.26","1"
"Potenza_Viale_Firenze","CO","mg/m³","30/12/2022","07","0.35","1"
"Potenza_Viale_Firenze","CO","mg/m³","30/12/2022","08","0.57","1"
"Potenza_Viale_Firenze","CO","mg/m³","30/12/2022","09","0.48","1"
"Potenza_Viale_Firenze","CO","mg/m³","30/12/2022","10","0.49","1"
"Potenza_Viale_Firenze","CO","mg/m³","30/12/2022","11","0.44","1"
"Potenza_Viale_Firenze","CO","mg/m³","30/12/2022","12","0.43","1"
"Potenza_Viale_Firenze","CO","mg/m³","30/12/2022","13","0.43","1"
"Potenza_Viale_Firenze","CO","mg/m³","30/12/2022","14","0.39","1"
"Potenza_Viale_Firenze","CO","mg/m³","30/12/2022","15","0.40","1"
"Potenza_Viale_Firenze","CO","mg/m³","30/12/2022","16","0.39","1"
"Potenza_Viale_Firenze","CO","mg/m³","30/12/2022","17","0.50","1"
"Potenza_Viale_Firenze","CO","mg/m³","30/12/2022","18","0.63","1"
"Potenza_Viale_Firenze","CO","mg/m³","30/12/2022","19","0.54","1"
"Potenza_Viale_Firenze","CO","mg/m³","30/12/2022","20","0.56","-1"
"Potenza_Viale_Firenze","CO","mg/m³","30/12/2022","21","0.72","1"
"Potenza_Viale_Firenze","CO","mg/m³","30/12/2022","22","0.88","1"
"Potenza_Viale_Firenze","CO","mg/m³","30/12/2022","23","0.90","1"
"Potenza_Viale_Firenze","CO","mg/m³","30/12/2022","24","0.61","1"
"Potenza_Viale_Firenze","CO","mg/m³","31/12/2022","01","0.49","1"
"Potenza_Viale_Firenze","CO","mg/m³","31/12/2022","02","0.34","1"
"Potenza_Viale_Firenze","CO","mg/m³","31/12/2022","03","0.27","1"
"Potenza_Viale_Firenze","CO","mg/m³","31/12/2022","04","0.26","1"
"Potenza_Viale_Firenze","CO","mg/m³","31/12/2022","05","0.26","1"
"Potenza_Viale_Firenze","CO","mg/m³","31/12/2022","06","0.35","1"
"Potenza_Viale_Firenze","CO","mg/m³","31/12/2022","07","0.44","1"
"Potenza_Viale_Firenze","CO","mg/m³","31/12/2022","08","0.64","1"
"Potenza_Viale_Firenze","CO","mg/m³","31/12/2022","09","0.87","1"
"Potenza_Viale_Firenze","CO","mg/m³","31/12/2022","10","0.54","1"
"Potenza_Viale_Firenze","CO","mg/m³","31/12/2022","11","0.48","1"
"Potenza_Viale_Firenze","CO","mg/m³","31/12/2022","12","0.50","1"
"Potenza_Viale_Firenze","CO","mg/m³","31/12/2022","13","0.38","1"
"Potenza_Viale_Firenze","CO","mg/m³","31/12/2022","14","0.38","1"
"Potenza_Viale_Firenze","CO","mg/m³","31/12/2022","15","0.31","1"
"Potenza_Viale_Firenze","CO","mg/m³","31/12/2022","16","0.35","1"
"Potenza_Viale_Firenze","CO","mg/m³","31/12/2022","17","0.68","1"
"Potenza_Viale_Firenze","CO","mg/m³","31/12/2022","18","1.23","1"
"Potenza_Viale_Firenze","CO","mg/m³","31/12/2022","19","1.58","-1"
"Potenza_Viale_Firenze","CO","mg/m³","31/12/2022","20","1.53","1"
"Potenza_Viale_Firenze","CO","mg/m³","31/12/2022","21","1.48","1"
"Potenza_Viale_Firenze","CO","mg/m³","31/12/2022","22","1.22","1"
"Potenza_Viale_Firenze","CO","mg/m³","31/12/2022","23","0.91","1"
"Potenza_Viale_Firenze","CO","mg/m³","31/12/2022","24","0.75","1"
